0 1
1 2
2 3
3 4
4 5
5 6
6 7
7 8
8 9
9 10
10 11
11 12
12 13
13 14
14 15
15 16
16 17
17 18
18 19
19 20
20 21
21 22
22 23
23 24
24 25
25 26
26 27
27 28
28 29
29 30
30 31
31 32
32 33
33 34
34 35
35 36
36 37
37 38
38 39
39 40
40 41
41 42
42 43
43 44
44 45
45 46
46 47
47 48
48 49
49 50
50 51
51 52
52 53
53 54
54 55
55 56
56 57
57 58
58 59
59 60
60 61
61 62
62 63
63 64
64 65
65 66
66 67
67 68
68 69
69 70
70 71
71 72
72 73
73 74
74 75
75 76
76 77
77 78
78 79
79 80
80 81
81 82
82 83
83 84
84 85
85 86
86 87
87 88
88 89
89 90
90 91
91 92
92 93
93 94
94 95
95 96
96 97
97 98
98 99
99 100
100 101
101 102
102 103
103 104
104 105
105 106
106 107
107 108
108 109
109 110
110 111
111 112
112 113
113 114
114 115
115 116
116 117
117 118
118 119
119 120
120 121
121 122
122 123
123 124
124 125
125 126
126 127
127 128
128 129
129 130
130 131
131 132
132 133
133 134
134 135
135 136
136 137
137 138
138 139
139 140
140 141
141 142
142 143
143 144
144 145
145 146
146 147
147 148
148 149
149 150
150 151
151 152
152 153
153 154
154 155
155 156
156 157
157 158
158 159
159 160
160 161
161 162
162 163
163 164
164 165
165 166
166 167
167 168
168 169
169 170
170 171
171 172
172 173
173 174
174 175
175 176
176 177
177 178
178 179
179 180
180 181
181 182
182 183
183 184
184 185
185 186
186 187
187 188
188 189
189 190
190 191
191 192
192 193
193 194
194 195
195 196
196 197
197 198
198 199
199 200
200 201
201 202
202 203
203 204
204 205
205 206
206 207
207 208
208 209
209 210
210 211
211 212
212 213
213 214
214 215
215 216
216 217
217 218
218 219
219 220
220 221
221 222
222 223
223 224
224 225
225 226
226 227
227 228
228 229
229 230
230 231
231 232
232 233
233 234
234 235
235 236
236 237
237 238
238 239
239 240
240 241
241 242
242 243
243 244
244 245
245 246
246 247
247 248
248 249
249 250
250 251
251 252
252 253
253 254
254 255
255 256
256 257
257 258
258 259
259 260
260 261
261 262
262 263
263 264
264 265
265 266
266 267
267 268
268 269
269 270
270 271
271 272
272 273
273 274
274 275
275 276
276 277
277 278
278 279
279 280
280 281
281 282
282 283
283 284
284 285
285 286
286 287
287 288
288 289
289 290
290 290
291 291
292 292
293 293
294 294
295 295
296 296
297 297
298 298
299 299
300 300
301 301
302 302
303 303
304 304
305 304
306 305
307 306
308 307
309 308
310 309
311 310
312 311
313 312
314 313
315 314
316 315
317 316
318 317
319 318
320 319
321 320
322 321
323 322
324 323
325 324
326 325
327 326
328 327
329 328
330 329
331 330
332 331
333 332
334 333
335 334
336 335
337 336
338 337
339 338
340 339
341 340
342 341
343 341
344 342
345 343
346 344
347 345
348 346
349 347
350 348
351 349
352 350
353 351
354 352
355 353
356 354
357 355
358 356
359 357
360 358
361 359
362 360
363 361
364 362
365 363
366 364
367 365
368 366
369 367
370 368
371 369
372 370
373 371
374 372
375 373
376 374
377 375
378 376
379 377
380 378
381 379
382 380
383 381
384 381
385 381
386 382
387 383
388 384
389 385
390 386
391 387
392 388
393 389
394 390
395 391
396 392
397 393
398 394
399 395
400 396
401 397
402 398
403 399
404 400
405 401
406 402
407 403
408 404
409 405
410 406
411 407
412 408
413 409
414 410
415 411
416 412
417 413
418 414
419 415
420 416
421 417
422 418
423 419
424 420
425 421
426 422
427 422
428 423
429 424
430 425
431 426
432 427
433 428
434 429
435 430
436 431
437 432
438 433
439 434
440 435
441 436
442 437
443 438
444 439
445 440
446 441
447 442
448 443
449 444
450 445
451 446
452 447
453 448
454 449
455 450
456 451
457 452
458 453
459 454
460 455
461 456
462 457
463 458
464 459
465 460
466 461
467 462
468 463
469 464
470 465
471 466
472 467
473 468
474 469
475 470
476 471
477 472
478 473
479 474
480 475
481 476
482 477
483 478
484 479
485 480
486 481
487 482
488 483
489 484
490 485
491 486
492 487
493 488
494 489
495 490
496 491
497 492
498 493
499 494
500 495
501 496
502 497
503 498
504 499
505 500
506 501
507 502
508 503
509 504
510 505
511 506
512 507
513 508
514 509
515 510
516 511
517 512
518 513
519 514
520 515
521 516
522 517
523 518
524 519
525 520
526 521
527 522
528 523
529 524
530 525
531 526
532 527
533 528
534 529
535 530
536 531
537 532
538 533
539 534
540 535
541 536
542 537
543 538
544 539
545 540
546 541
547 542
548 543
549 544
550 545
551 545
552 546
553 547
554 548
555 549
556 550
557 551
558 552
559 553
560 554
561 555
562 556
563 557
564 558
565 559
566 560
567 561
568 562
569 563
570 564
571 565
572 566
573 567
574 568
575 569
576 570
577 571
578 572
579 572
580 573
581 573
582 574
583 575
584 576
585 577
586 578
587 579
588 580
589 581
590 582
591 583
592 584
593 585
594 586
595 587
596 588
597 589
598 590
599 591
600 592
601 593
602 594
603 595
604 596
605 597
606 598
607 599
608 600
609 601
610 602
611 603
612 604
613 605
614 606
615 607
616 608
617 608
618 609
619 610
620 611
621 612
622 613
623 614
624 614
625 615
626 616
627 617
628 618
629 619
630 620
631 621
632 622
633 623
634 624
635 625
636 626
637 627
638 628
639 629
640 630
641 631
642 632
643 633
644 634
645 635
646 636
647 637
648 638
649 639
650 640
651 641
652 642
653 643
654 644
655 645
656 646
657 646
658 646
659 647
660 648
661 649
662 650
663 651
664 652
665 653
666 654
667 655
668 656
669 657
670 658
671 659
672 660
673 661
674 662
675 663
676 664
677 665
678 666
679 667
680 668
681 669
682 670
683 671
684 672
685 673
686 674
687 675
688 676
689 677
690 678
691 679
692 680
693 681
694 682
695 682
696 683
697 684
698 685
699 686
700 687
701 688
702 689
703 690
704 691
705 692
706 693
707 693
708 694
709 695
710 696
711 697
712 698
713 699
714 700
715 701
716 702
717 703
718 704
719 705
720 706
721 706
722 707
723 708
724 709
725 710
726 711
727 711
728 712
729 713
730 714
731 715
732 716
733 717
734 718
735 719
736 720
737 721
738 722
739 723
740 724
741 725
742 726
743 727
744 728
745 729
746 730
747 731
748 732
749 733
750 734
751 735
752 736
753 737
754 738
755 739
756 740
757 741
758 742
759 743
760 744
761 745
762 746
763 747
764 748
765 749
766 749
767 750
768 751
769 752
770 753
771 754
772 755
773 756
774 757
775 758
776 759
777 760
778 761
779 762
780 763
781 764
782 765
783 766
784 767
785 768
786 769
787 770
788 771
789 772
790 773
791 774
792 775
793 776
794 777
795 778
796 779
797 780
798 781
799 782
800 783
801 784
802 785
803 786
804 787
805 788
806 789
807 790
808 791
809 792
810 793
811 794
812 795
813 796
814 797
815 798
816 799
817 800
818 801
819 802
820 803
821 804
822 805
823 806
824 807
825 808
826 809
827 810
828 811
829 812
830 813
831 814
832 815
833 816
834 817
835 818
836 819
837 820
838 821
839 822
840 823
841 824
842 825
843 826
844 827
845 828
846 829
847 830
848 831
849 832
850 833
851 834
852 835
853 836
854 837
855 838
856 839
857 840
858 841
859 841
860 842
861 843
862 844
863 845
864 846
865 847
866 847
867 848
868 849
869 850
870 851
871 852
872 853
873 854
874 855
875 856
876 857
877 858
878 859
879 860
880 861
881 862
882 863
883 864
884 865
885 866
886 867
887 868
888 869
889 869
890 870
891 871
892 872
893 873
894 874
895 875
896 876
897 877
898 878
899 879
900 880
901 881
902 882
903 883
904 884
905 885
906 886
907 887
908 888
909 889
910 890
911 891
912 892
913 893
914 894
915 895
916 896
917 897
918 898
919 899
920 900
921 900
922 901
923 902
924 903
925 904
926 905
927 906
928 906
929 907
930 908
931 909
932 910
933 911
934 912
935 913
936 914
937 915
938 916
939 917
940 918
941 919
942 920
943 921
944 922
945 923
946 924
947 925
948 926
949 927
950 928
951 929
952 930
953 931
954 932
955 933
956 934
957 935
958 936
959 937
960 938
961 939
962 940
963 941
964 942
965 943
966 944
967 945
968 946
969 947
970 948
971 949
972 950
973 951
974 952
975 953
976 954
977 955
978 956
979 957
980 958
981 959
982 960
983 961
984 962
985 963
986 963
987 964
988 965
989 966
990 967
991 968
992 969
993 970
994 971
995 972
996 973
997 974
998 975
999 976
1000 977
1001 978
1002 979
1003 980
1004 981
1005 982
1006 983
1007 984
1008 985
1009 986
1010 987
1011 988
1012 989
1013 990
1014 990
1015 991
1016 992
1017 993
1018 994
1019 995
1020 996
1021 997
1022 998
1023 999
1024 1000
1025 1001
1026 1002
1027 1003
1028 1004
1029 1005
1030 1005
1031 1006
1032 1007
1033 1008
1034 1009
1035 1010
1036 1011
1037 1012
1038 1013
1039 1014
1040 1015
1041 1016
1042 1017
1043 1018
1044 1019
1045 1020
1046 1021
1047 1022
1048 1023
1049 1024
1050 1025
1051 1026
1052 1027
1053 1027
1054 1028
1055 1029
1056 1030
1057 1031
1058 1032
1059 1033
1060 1034
1061 1035
1062 1036
1063 1037
1064 1038
1065 1039
1066 1040
1067 1041
1068 1042
1069 1043
1070 1044
1071 1045
1072 1046
1073 1047
1074 1048
1075 1049
1076 1049
1077 1050
1078 1051
1079 1052
1080 1053
1081 1054
1082 1055
1083 1056
1084 1057
1085 1058
1086 1059
1087 1060
1088 1061
1089 1062
1090 1062
1091 1063
1092 1064
1093 1065
1094 1066
1095 1067
1096 1068
1097 1069
1098 1070
1099 1071
1100 1072
1101 1073
1102 1074
1103 1075
1104 1076
1105 1077
1106 1078
1107 1079
1108 1080
1109 1081
1110 1082
1111 1083
1112 1084
1113 1085
1114 1086
1115 1087
1116 1088
1117 1089
1118 1090
1119 1091
1120 1092
1121 1093
1122 1094
1123 1095
1124 1095
1125 1096
1126 1097
1127 1098
1128 1099
1129 1100
1130 1101
1131 1102
1132 1103
1133 1104
1134 1105
1135 1106
1136 1107
1137 1108
1138 1109
1139 1110
1140 1111
1141 1112
1142 1113
1143 1114
1144 1115
1145 1116
1146 1117
1147 1118
1148 1119
1149 1120
1150 1121
1151 1122
1152 1123
1153 1124
1154 1125
1155 1126
1156 1126
1157 1127
1158 1128
1159 1128
1160 1128
1161 1129
1162 1130
1163 1131
1164 1132
1165 1133
1166 1134
1167 1135
1168 1136
1169 1137
1170 1138
1171 1139
1172 1140
1173 1141
1174 1142
1175 1143
1176 1144
1177 1145
1178 1146
1179 1146
1180 1147
1181 1148
1182 1149
1183 1150
1184 1151
1185 1152
1186 1153
1187 1154
1188 1155
1189 1156
1190 1157
1191 1158
1192 1159
1193 1159
1194 1160
1195 1161
1196 1162
1197 1162
1198 1163
1199 1164
1200 1165
1201 1165
1202 1166
1203 1167
1204 1168
1205 1169
1206 1170
1207 1171
1208 1172
1209 1173
1210 1174
1211 1175
1212 1176
1213 1177
1214 1177
1215 1178
1216 1179
1217 1180
1218 1181
1219 1182
1220 1183
1221 1184
1222 1185
1223 1186
1224 1187
1225 1188
1226 1189
1227 1190
1228 1191
1229 1192
1230 1193
1231 1194
1232 1195
1233 1196
1234 1197
1235 1198
1236 1199
1237 1200
1238 1201
1239 1202
1240 1203
1241 1203
1242 1204
1243 1205
1244 1206
1245 1207
1246 1208
1247 1209
1248 1210
1249 1211
1250 1212
1251 1213
1252 1214
1253 1215
1254 1215
1255 1216
1256 1217
1257 1218
1258 1219
1259 1220
1260 1221
1261 1222
1262 1223
1263 1224
1264 1225
1265 1226
1266 1227
1267 1228
1268 1229
1269 1230
1270 1231
1271 1232
1272 1233
1273 1234
1274 1235
1275 1236
1276 1237
1277 1238
1278 1239
1279 1240
1280 1241
1281 1242
1282 1243
1283 1244
1284 1245
1285 1246
1286 1247
1287 1248
1288 1249
1289 1250
1290 1251
1291 1252
1292 1253
1293 1254
1294 1255
1295 1256
1296 1257
1297 1258
1298 1259
1299 1260
1300 1261
1301 1262
1302 1263
1303 1263
1304 1264
1305 1265
1306 1266
1307 1267
1308 1268
1309 1269
1310 1270
1311 1271
1312 1272
1313 1273
1314 1274
1315 1275
1316 1276
1317 1277
1318 1278
1319 1279
1320 1279
1321 1279
1322 1280
1323 1281
1324 1282
1325 1283
1326 1284
1327 1284
1328 1285
1329 1286
1330 1287
1331 1288
1332 1289
1333 1290
1334 1290
1335 1291
1336 1292
1337 1293
1338 1294
1339 1295
1340 1296
1341 1297
1342 1298
1343 1299
1344 1300
1345 1301
1346 1302
1347 1302
1348 1303
1349 1304
1350 1305
1351 1306
1352 1306
1353 1307
1354 1308
1355 1309
1356 1310
1357 1311
1358 1312
1359 1313
1360 1314
1361 1315
1362 1316
1363 1317
1364 1318
1365 1319
1366 1320
1367 1321
1368 1322
1369 1323
1370 1324
1371 1325
1372 1326
1373 1327
1374 1328
1375 1329
1376 1330
1377 1331
1378 1332
1379 1333
1380 1334
1381 1335
1382 1336
1383 1337
1384 1338
1385 1339
1386 1340
1387 1341
1388 1342
1389 1343
1390 1344
1391 1345
1392 1346
1393 1347
1394 1348
1395 1349
1396 1350
1397 1351
1398 1352
1399 1353
1400 1354
1401 1355
1402 1356
1403 1357
1404 1358
1405 1359
1406 1360
1407 1361
1408 1362
1409 1363
1410 1364
1411 1365
1412 1366
1413 1367
1414 1368
1415 1369
1416 1370
1417 1371
1418 1372
1419 1373
1420 1374
1421 1375
1422 1376
1423 1377
1424 1377
1425 1378
1426 1379
1427 1380
1428 1381
1429 1382
1430 1383
1431 1384
1432 1385
1433 1386
1434 1387
1435 1388
1436 1388
1437 1389
1438 1390
1439 1391
1440 1391
1441 1392
1442 1393
1443 1394
1444 1395
1445 1396
1446 1397
1447 1398
1448 1398
1449 1399
1450 1400
1451 1401
1452 1402
1453 1403
1454 1404
1455 1405
1456 1406
1457 1407
1458 1408
1459 1409
1460 1410
1461 1411
1462 1412
1463 1413
1464 1414
1465 1414
1466 1415
1467 1416
1468 1417
1469 1418
1470 1419
1471 1420
1472 1421
1473 1422
1474 1423
1475 1424
1476 1424
1477 1425
1478 1426
1479 1427
1480 1428
1481 1429
1482 1430
1483 1431
1484 1432
1485 1433
1486 1434
1487 1435
1488 1436
1489 1437
1490 1438
1491 1439
1492 1440
1493 1441
1494 1442
1495 1443
1496 1444
1497 1445
1498 1446
1499 1447
1500 1448
1501 1449
1502 1449
1503 1450
1504 1451
1505 1452
1506 1453
1507 1454
1508 1455
1509 1456
1510 1457
1511 1457
1512 1458
1513 1459
1514 1460
1515 1461
1516 1462
1517 1463
1518 1464
1519 1465
1520 1466
1521 1467
1522 1468
1523 1468
1524 1469
1525 1470
1526 1471
1527 1472
1528 1473
1529 1474
1530 1475
1531 1476
1532 1477
1533 1478
1534 1479
1535 1480
1536 1481
1537 1482
1538 1483
1539 1484
1540 1485
1541 1486
1542 1487
1543 1488
1544 1489
1545 1490
1546 1491
1547 1492
1548 1493
1549 1494
1550 1494
1551 1495
1552 1496
1553 1497
1554 1498
1555 1499
1556 1499
1557 1500
1558 1500
1559 1501
1560 1502
1561 1503
1562 1504
1563 1505
1564 1506
1565 1507
1566 1508
1567 1509
1568 1510
1569 1511
1570 1512
1571 1513
1572 1514
1573 1515
1574 1516
1575 1517
1576 1518
1577 1518
1578 1519
1579 1520
1580 1521
1581 1522
1582 1523
1583 1524
1584 1525
1585 1526
1586 1527
1587 1528
1588 1529
1589 1530
1590 1531
1591 1532
1592 1533
1593 1534
1594 1534
1595 1535
1596 1536
1597 1537
1598 1537
1599 1538
1600 1539
1601 1540
1602 1541
1603 1542
1604 1543
1605 1544
1606 1544
1607 1545
1608 1545
1609 1546
1610 1547
1611 1547
1612 1548
1613 1549
1614 1550
1615 1551
1616 1552
1617 1553
1618 1553
1619 1553
1620 1554
1621 1555
1622 1556
1623 1557
1624 1558
1625 1559
1626 1560
1627 1561
1628 1562
1629 1563
1630 1564
1631 1565
1632 1566
1633 1567
1634 1568
1635 1569
1636 1570
1637 1571
1638 1572
1639 1573
1640 1574
1641 1574
1642 1575
1643 1576
1644 1577
1645 1577
1646 1577
1647 1578
1648 1579
1649 1579
1650 1580
1651 1581
1652 1582
1653 1583
1654 1584
1655 1585
1656 1586
1657 1587
1658 1588
1659 1589
1660 1590
1661 1590
1662 1591
1663 1592
1664 1593
1665 1594
1666 1595
1667 1596
1668 1597
1669 1598
1670 1599
1671 1600
1672 1601
1673 1602
1674 1603
1675 1604
1676 1605
1677 1606
1678 1607
1679 1608
1680 1609
1681 1610
1682 1611
1683 1612
1684 1613
1685 1614
1686 1614
1687 1615
1688 1616
1689 1617
1690 1618
1691 1618
1692 1619
1693 1620
1694 1621
1695 1622
1696 1623
1697 1624
1698 1625
1699 1626
1700 1627
1701 1628
1702 1629
1703 1630
1704 1631
1705 1631
1706 1632
1707 1633
1708 1634
1709 1635
1710 1635
1711 1636
1712 1637
1713 1638
1714 1639
1715 1640
1716 1641
1717 1642
1718 1643
1719 1644
1720 1645
1721 1646
1722 1647
1723 1648
1724 1649
1725 1650
1726 1651
1727 1652
1728 1653
1729 1654
1730 1655
1731 1656
1732 1657
1733 1658
1734 1659
1735 1659
1736 1660
1737 1661
1738 1662
1739 1663
1740 1664
1741 1665
1742 1666
1743 1667
1744 1668
1745 1669
1746 1670
1747 1671
1748 1672
1749 1673
1750 1674
1751 1675
1752 1675
1753 1676
1754 1677
1755 1678
1756 1679
1757 1680
1758 1681
1759 1682
1760 1682
1761 1683
1762 1684
1763 1685
1764 1686
1765 1687
1766 1688
1767 1689
1768 1690
1769 1691
1770 1692
1771 1693
1772 1693
1773 1693
1774 1694
1775 1695
1776 1696
1777 1697
1778 1698
1779 1699
1780 1700
1781 1701
1782 1702
1783 1703
1784 1704
1785 1705
1786 1706
1787 1707
1788 1708
1789 1708
1790 1709
1791 1709
1792 1710
1793 1711
1794 1712
1795 1713
1796 1714
1797 1715
1798 1716
1799 1717
1800 1717
1801 1718
1802 1719
1803 1719
1804 1720
1805 1721
1806 1722
1807 1723
1808 1724
1809 1725
1810 1726
1811 1726
1812 1727
1813 1728
1814 1729
1815 1730
1816 1731
1817 1731
1818 1732
1819 1733
1820 1734
1821 1735
1822 1736
1823 1736
1824 1737
1825 1738
1826 1739
1827 1740
1828 1741
1829 1742
1830 1743
1831 1744
1832 1745
1833 1746
1834 1746
1835 1747
1836 1748
1837 1749
1838 1750
1839 1751
1840 1752
1841 1752
1842 1753
1843 1754
1844 1755
1845 1756
1846 1757
1847 1758
1848 1759
1849 1760
1850 1761
1851 1762
1852 1763
1853 1764
1854 1765
1855 1766
1856 1767
1857 1768
1858 1768
1859 1769
1860 1770
1861 1771
1862 1772
1863 1772
1864 1773
1865 1774
1866 1775
1867 1776
1868 1777
1869 1778
1870 1779
1871 1780
1872 1781
1873 1781
1874 1782
1875 1783
1876 1784
1877 1785
1878 1786
1879 1787
1880 1788
1881 1789
1882 1790
1883 1791
1884 1791
1885 1791
1886 1792
1887 1793
1888 1794
1889 1795
1890 1796
1891 1797
1892 1798
1893 1799
1894 1800
1895 1801
1896 1802
1897 1803
1898 1803
1899 1804
1900 1805
1901 1806
1902 1807
1903 1808
1904 1809
1905 1810
1906 1811
1907 1812
1908 1813
1909 1814
1910 1815
1911 1816
1912 1817
1913 1818
1914 1819
1915 1820
1916 1821
1917 1822
1918 1823
1919 1824
1920 1825
1921 1826
1922 1826
1923 1827
1924 1828
1925 1829
1926 1829
1927 1830
1928 1831
1929 1832
1930 1833
1931 1833
1932 1834
1933 1835
1934 1836
1935 1837
1936 1838
1937 1839
1938 1840
1939 1841
1940 1842
1941 1843
1942 1844
1943 1845
1944 1846
1945 1847
1946 1847
1947 1848
1948 1849
1949 1850
1950 1851
1951 1852
1952 1853
1953 1854
1954 1855
1955 1856
1956 1857
1957 1858
1958 1859
1959 1860
1960 1861
1961 1862
1962 1863
1963 1864
1964 1865
1965 1866
1966 1867
1967 1868
1968 1869
1969 1870
1970 1871
1971 1872
1972 1873
1973 1874
1974 1874
1975 1874
1976 1875
1977 1876
1978 1877
1979 1878
1980 1879
1981 1880
1982 1881
1983 1882
1984 1883
1985 1884
1986 1885
1987 1886
1988 1887
1989 1888
1990 1889
1991 1889
1992 1890
1993 1891
1994 1892
1995 1893
1996 1894
1997 1895
1998 1896
1999 1897
2000 1898
2001 1899
2002 1900
2003 1901
2004 1902
2005 1903
2006 1904
2007 1905
2008 1906
2009 1907
2010 1908
2011 1909
2012 1910
2013 1911
2014 1912
2015 1912
2016 1913
2017 1914
2018 1915
2019 1916
2020 1917
2021 1918
2022 1919
2023 1920
2024 1921
2025 1922
2026 1922
2027 1923
2028 1924
2029 1925
2030 1926
2031 1927
2032 1928
2033 1929
2034 1930
2035 1931
2036 1932
2037 1933
2038 1933
2039 1934
2040 1935
2041 1936
2042 1937
2043 1937
2044 1937
2045 1938
2046 1939
2047 1939
2048 1940
2049 1941
2050 1941
2051 1942
2052 1943
2053 1944
2054 1945
2055 1946
2056 1947
2057 1948
2058 1949
2059 1949
2060 1950
2061 1951
2062 1952
2063 1953
2064 1954
2065 1955
2066 1956
2067 1957
2068 1958
2069 1959
2070 1960
2071 1961
2072 1962
2073 1963
2074 1963
2075 1964
2076 1965
2077 1966
2078 1966
2079 1967
2080 1967
2081 1968
2082 1968
2083 1969
2084 1969
2085 1969
2086 1969
2087 1970
2088 1971
2089 1972
2090 1972
2091 1973
2092 1974
2093 1975
2094 1975
2095 1975
2096 1976
2097 1977
2098 1978
2099 1979
2100 1980
2101 1981
2102 1982
2103 1983
2104 1984
2105 1985
2106 1986
2107 1987
2108 1988
2109 1989
2110 1990
2111 1991
2112 1992
2113 1993
2114 1994
2115 1995
2116 1996
2117 1997
2118 1998
2119 1999
2120 2000
2121 2001
2122 2002
2123 2003
2124 2004
2125 2004
2126 2005
2127 2006
2128 2007
2129 2008
2130 2009
2131 2010
2132 2011
2133 2012
2134 2013
2135 2014
2136 2014
2137 2015
2138 2016
2139 2017
2140 2018
2141 2019
2142 2020
2143 2021
2144 2022
2145 2023
2146 2023
2147 2024
2148 2025
2149 2026
2150 2027
2151 2028
2152 2029
2153 2030
2154 2031
2155 2032
2156 2033
2157 2034
2158 2034
2159 2034
2160 2035
2161 2036
2162 2037
2163 2038
2164 2039
2165 2040
2166 2041
2167 2041
2168 2042
2169 2043
2170 2044
2171 2045
2172 2046
2173 2047
2174 2048
2175 2049
2176 2050
2177 2051
2178 2052
2179 2053
2180 2054
2181 2055
2182 2056
2183 2057
2184 2058
2185 2059
2186 2060
2187 2060
2188 2061
2189 2062
2190 2063
2191 2064
2192 2065
2193 2066
2194 2067
2195 2068
2196 2069
2197 2070
2198 2070
2199 2071
2200 2072
2201 2072
2202 2073
2203 2074
2204 2075
2205 2076
2206 2077
2207 2078
2208 2079
2209 2080
2210 2081
2211 2082
2212 2083
2213 2084
2214 2085
2215 2085
2216 2086
2217 2087
2218 2088
2219 2088
2220 2089
2221 2090
2222 2091
2223 2091
2224 2092
2225 2092
2226 2093
2227 2094
2228 2095
2229 2095
2230 2096
2231 2097
2232 2098
2233 2099
2234 2100
2235 2101
2236 2102
2237 2103
2238 2104
2239 2105
2240 2106
2241 2107
2242 2108
2243 2109
2244 2110
2245 2111
2246 2112
2247 2112
2248 2113
2249 2114
2250 2115
2251 2115
2252 2116
2253 2117
2254 2118
2255 2119
2256 2120
2257 2121
2258 2122
2259 2122
2260 2123
2261 2124
2262 2125
2263 2126
2264 2127
2265 2128
2266 2129
2267 2130
2268 2131
2269 2132
2270 2133
2271 2134
2272 2135
2273 2136
2274 2137
2275 2138
2276 2138
2277 2139
2278 2140
2279 2141
2280 2142
2281 2143
2282 2144
2283 2145
2284 2146
2285 2147
2286 2148
2287 2149
2288 2150
2289 2151
2290 2152
2291 2153
2292 2154
2293 2155
2294 2156
2295 2157
2296 2158
2297 2159
2298 2160
2299 2161
2300 2161
2301 2161
2302 2162
2303 2163
2304 2164
2305 2165
2306 2166
2307 2167
2308 2168
2309 2169
2310 2170
2311 2171
2312 2171
2313 2172
2314 2173
2315 2174
2316 2175
2317 2175
2318 2176
2319 2177
2320 2178
2321 2179
2322 2180
2323 2180
2324 2181
2325 2182
2326 2183
2327 2184
2328 2185
2329 2186
2330 2187
2331 2188
2332 2189
2333 2190
2334 2191
2335 2192
2336 2193
2337 2194
2338 2195
2339 2196
2340 2197
2341 2198
2342 2199
2343 2200
2344 2201
2345 2202
2346 2203
2347 2204
2348 2205
2349 2206
2350 2207
2351 2208
2352 2208
2353 2209
2354 2210
2355 2211
2356 2212
2357 2213
2358 2213
2359 2213
2360 2214
2361 2215
2362 2216
2363 2217
2364 2218
2365 2219
2366 2219
2367 2220
2368 2221
2369 2221
2370 2222
2371 2223
2372 2223
2373 2224
2374 2225
2375 2226
2376 2227
2377 2228
2378 2228
2379 2229
2380 2230
2381 2231
2382 2232
2383 2233
2384 2234
2385 2235
2386 2236
2387 2237
2388 2238
2389 2238
2390 2239
2391 2240
2392 2241
2393 2241
2394 2241
2395 2242
2396 2243
2397 2244
2398 2245
2399 2246
2400 2247
2401 2248
2402 2249
2403 2250
2404 2251
2405 2252
2406 2253
2407 2254
2408 2255
2409 2256
2410 2257
2411 2258
2412 2259
2413 2260
2414 2261
2415 2262
2416 2263
2417 2264
2418 2265
2419 2266
2420 2267
2421 2268
2422 2269
2423 2269
2424 2270
2425 2271
2426 2272
2427 2273
2428 2274
2429 2275
2430 2276
2431 2277
2432 2278
2433 2279
2434 2280
2435 2281
2436 2282
2437 2283
2438 2283
2439 2284
2440 2285
2441 2286
2442 2287
2443 2288
2444 2289
2445 2290
2446 2291
2447 2291
2448 2291
2449 2292
2450 2293
2451 2294
2452 2295
2453 2296
2454 2297
2455 2298
2456 2299
2457 2300
2458 2301
2459 2302
2460 2303
2461 2304
2462 2305
2463 2306
2464 2307
2465 2308
2466 2308
2467 2309
2468 2309
2469 2310
2470 2311
2471 2312
2472 2313
2473 2314
2474 2315
2475 2316
2476 2317
2477 2318
2478 2319
2479 2320
2480 2321
2481 2322
2482 2322
2483 2323
2484 2323
2485 2324
2486 2325
2487 2325
2488 2326
2489 2326
2490 2327
2491 2328
2492 2329
2493 2330
2494 2331
2495 2331
2496 2332
2497 2333
2498 2334
2499 2335
2500 2335
2501 2336
2502 2337
2503 2338
2504 2339
2505 2340
2506 2341
2507 2342
2508 2343
2509 2344
2510 2345
2511 2346
2512 2347
2513 2348
2514 2349
2515 2350
2516 2351
2517 2352
2518 2353
2519 2354
2520 2355
2521 2356
2522 2357
2523 2358
2524 2359
2525 2359
2526 2360
2527 2361
2528 2361
2529 2361
2530 2361
2531 2362
2532 2362
2533 2362
2534 2363
2535 2364
2536 2365
2537 2366
2538 2366
2539 2367
2540 2368
2541 2369
2542 2369
2543 2370
2544 2371
2545 2372
2546 2373
2547 2374
2548 2375
2549 2375
2550 2376
2551 2377
2552 2378
2553 2379
2554 2380
2555 2381
2556 2382
2557 2382
2558 2383
2559 2384
2560 2385
2561 2386
2562 2387
2563 2388
2564 2389
2565 2390
2566 2390
2567 2390
2568 2391
2569 2392
2570 2393
2571 2394
2572 2395
2573 2396
2574 2397
2575 2398
2576 2399
2577 2400
2578 2401
2579 2402
2580 2403
2581 2404
2582 2405
2583 2406
2584 2407
2585 2408
2586 2409
2587 2410
2588 2411
2589 2412
2590 2413
2591 2414
2592 2415
2593 2416
2594 2417
2595 2418
2596 2418
2597 2419
2598 2420
2599 2420
2600 2421
2601 2422
2602 2423
2603 2424
2604 2425
2605 2426
2606 2426
2607 2427
2608 2427
2609 2428
2610 2429
2611 2430
2612 2431
2613 2432
2614 2433
2615 2434
2616 2435
2617 2435
2618 2436
2619 2436
2620 2437
2621 2438
2622 2439
2623 2440
2624 2441
2625 2442
2626 2443
2627 2444
2628 2445
2629 2446
2630 2447
2631 2448
2632 2449
2633 2450
2634 2451
2635 2452
2636 2452
2637 2453
2638 2454
2639 2455
2640 2455
2641 2455
2642 2456
2643 2457
2644 2458
2645 2459
2646 2460
2647 2461
2648 2462
2649 2463
2650 2464
2651 2465
2652 2466
2653 2466
2654 2467
2655 2467
2656 2467
2657 2468
2658 2469
2659 2469
2660 2470
2661 2471
2662 2472
2663 2473
2664 2474
2665 2474
2666 2475
2667 2475
2668 2475
2669 2476
2670 2477
2671 2477
2672 2478
2673 2479
2674 2480
2675 2481
2676 2482
2677 2483
2678 2484
2679 2485
2680 2486
2681 2487
2682 2488
2683 2489
2684 2490
2685 2491
2686 2492
2687 2493
2688 2494
2689 2495
2690 2496
2691 2497
2692 2498
2693 2499
2694 2500
2695 2501
2696 2501
2697 2502
2698 2503
2699 2503
2700 2504
2701 2505
2702 2505
2703 2506
2704 2507
2705 2508
2706 2509
2707 2510
2708 2511
2709 2512
2710 2513
2711 2514
2712 2515
2713 2516
2714 2517
2715 2518
2716 2519
2717 2520
2718 2520
2719 2521
2720 2521
2721 2522
2722 2523
2723 2524
2724 2524
2725 2525
2726 2525
2727 2526
2728 2526
2729 2527
2730 2527
2731 2528
2732 2529
2733 2529
2734 2530
2735 2531
2736 2532
2737 2532
2738 2533
2739 2534
2740 2535
2741 2536
2742 2537
2743 2538
2744 2539
2745 2540
2746 2541
2747 2542
2748 2543
2749 2544
2750 2545
2751 2546
2752 2547
2753 2548
2754 2549
2755 2550
2756 2551
2757 2552
2758 2553
2759 2554
2760 2555
2761 2556
2762 2557
2763 2558
2764 2559
2765 2560
2766 2560
2767 2561
2768 2562
2769 2563
2770 2564
2771 2565
2772 2565
2773 2566
2774 2567
2775 2568
2776 2569
2777 2570
2778 2571
2779 2572
2780 2572
2781 2572
2782 2573
2783 2574
2784 2574
2785 2575
2786 2576
2787 2577
2788 2578
2789 2579
2790 2580
2791 2581
2792 2582
2793 2583
2794 2584
2795 2584
2796 2585
2797 2586
2798 2586
2799 2587
2800 2588
2801 2589
2802 2589
2803 2590
2804 2590
2805 2591
2806 2592
2807 2593
2808 2594
2809 2595
2810 2596
2811 2597
2812 2597
2813 2598
2814 2599
2815 2600
2816 2601
2817 2602
2818 2603
2819 2604
2820 2605
2821 2606
2822 2607
2823 2608
2824 2609
2825 2610
2826 2611
2827 2611
2828 2611
2829 2612
2830 2613
2831 2614
2832 2615
2833 2616
2834 2617
2835 2618
2836 2619
2837 2620
2838 2621
2839 2622
2840 2623
2841 2624
2842 2625
2843 2626
2844 2626
2845 2627
2846 2628
2847 2629
2848 2630
2849 2631
2850 2632
2851 2633
2852 2634
2853 2634
2854 2635
2855 2636
2856 2637
2857 2638
2858 2638
2859 2639
2860 2640
2861 2640
2862 2641
2863 2641
2864 2641
2865 2642
2866 2642
2867 2643
2868 2644
2869 2645
2870 2646
2871 2647
2872 2648
2873 2649
2874 2650
2875 2651
2876 2652
2877 2653
2878 2654
2879 2655
2880 2656
2881 2657
2882 2658
2883 2659
2884 2660
2885 2661
2886 2662
2887 2663
2888 2663
2889 2664
2890 2665
2891 2666
2892 2667
2893 2668
2894 2669
2895 2670
2896 2671
2897 2672
2898 2673
2899 2674
2900 2674
2901 2675
2902 2676
2903 2677
2904 2678
2905 2679
2906 2679
2907 2680
2908 2681
2909 2682
2910 2683
2911 2683
2912 2684
2913 2685
2914 2686
2915 2687
2916 2688
2917 2689
2918 2690
2919 2691
2920 2692
2921 2693
2922 2693
2923 2693
2924 2694
2925 2695
2926 2696
2927 2696
2928 2697
2929 2698
2930 2698
2931 2699
2932 2700
2933 2701
2934 2702
2935 2703
2936 2704
2937 2705
2938 2706
2939 2707
2940 2708
2941 2708
2942 2709
2943 2709
2944 2710
2945 2710
2946 2711
2947 2711
2948 2712
2949 2713
2950 2714
2951 2715
2952 2716
2953 2717
2954 2718
2955 2719
2956 2719
2957 2720
2958 2721
2959 2722
2960 2723
2961 2724
2962 2725
2963 2726
2964 2727
2965 2728
2966 2729
2967 2730
2968 2731
2969 2732
2970 2733
2971 2734
2972 2735
2973 2735
2974 2735
2975 2736
2976 2737
2977 2738
2978 2739
2979 2740
2980 2741
2981 2742
2982 2743
2983 2744
2984 2745
2985 2746
2986 2747
2987 2748
2988 2748
2989 2749
2990 2749
2991 2749
2992 2750
2993 2750
2994 2751
2995 2752
2996 2753
2997 2753
2998 2754
2999 2755
3000 2756
3001 2757
3002 2758
3003 2759
3004 2760
3005 2761
3006 2762
3007 2763
3008 2764
3009 2764
3010 2765
3011 2766
3012 2767
3013 2768
3014 2769
3015 2770
3016 2771
3017 2772
3018 2773
3019 2774
3020 2775
3021 2776
3022 2776
3023 2777
3024 2778
3025 2779
3026 2779
3027 2780
3028 2781
3029 2782
3030 2783
3031 2784
3032 2784
3033 2785
3034 2786
3035 2787
3036 2787
3037 2788
3038 2789
3039 2790
3040 2791
3041 2792
3042 2792
3043 2793
3044 2794
3045 2795
3046 2796
3047 2797
3048 2798
3049 2799
3050 2799
3051 2800
3052 2801
3053 2802
3054 2803
3055 2804
3056 2805
3057 2806
3058 2806
3059 2806
3060 2806
3061 2807
3062 2807
3063 2808
3064 2809
3065 2809
3066 2809
3067 2810
3068 2811
3069 2812
3070 2813
3071 2814
3072 2815
3073 2816
3074 2817
3075 2818
3076 2819
3077 2820
3078 2821
3079 2821
3080 2822
3081 2823
3082 2824
3083 2825
3084 2826
3085 2827
3086 2828
3087 2829
3088 2829
3089 2830
3090 2831
3091 2832
3092 2833
3093 2834
3094 2835
3095 2836
3096 2837
3097 2837
3098 2838
3099 2839
3100 2840
3101 2841
3102 2842
3103 2843
3104 2844
3105 2845
3106 2846
3107 2847
3108 2848
3109 2849
3110 2850
3111 2851
3112 2852
3113 2853
3114 2854
3115 2855
3116 2856
3117 2857
3118 2858
3119 2859
3120 2860
3121 2861
3122 2862
3123 2863
3124 2864
3125 2864
3126 2865
3127 2866
3128 2867
3129 2868
3130 2869
3131 2870
3132 2870
3133 2870
3134 2871
3135 2871
3136 2872
3137 2873
3138 2874
3139 2874
3140 2875
3141 2876
3142 2877
3143 2878
3144 2879
3145 2880
3146 2881
3147 2881
3148 2881
3149 2882
3150 2883
3151 2884
3152 2885
3153 2886
3154 2887
3155 2888
3156 2889
3157 2890
3158 2891
3159 2892
3160 2893
3161 2894
3162 2895
3163 2895
3164 2896
3165 2897
3166 2897
3167 2898
3168 2898
3169 2899
3170 2899
3171 2900
3172 2901
3173 2902
3174 2903
3175 2904
3176 2904
3177 2905
3178 2906
3179 2907
3180 2908
3181 2909
3182 2910
3183 2911
3184 2912
3185 2913
3186 2914
3187 2915
3188 2916
3189 2917
3190 2918
3191 2919
3192 2920
3193 2921
3194 2922
3195 2923
3196 2924
3197 2925
3198 2926
3199 2927
3200 2927
3201 2928
3202 2929
3203 2930
3204 2931
3205 2932
3206 2933
3207 2933
3208 2934
3209 2935
3210 2936
3211 2937
3212 2938
3213 2939
3214 2940
3215 2941
3216 2942
3217 2943
3218 2944
3219 2945
3220 2946
3221 2947
3222 2948
3223 2949
3224 2950
3225 2951
3226 2952
3227 2953
3228 2953
3229 2954
3230 2955
3231 2956
3232 2957
3233 2958
3234 2959
3235 2960
3236 2961
3237 2961
3238 2961
3239 2962
3240 2963
3241 2964
3242 2965
3243 2966
3244 2967
3245 2967
3246 2968
3247 2968
3248 2969
3249 2970
3250 2971
3251 2972
3252 2972
3253 2973
3254 2974
3255 2975
3256 2976
3257 2977
3258 2978
3259 2979
3260 2980
3261 2980
3262 2981
3263 2982
3264 2983
3265 2984
3266 2985
3267 2986
3268 2987
3269 2988
3270 2989
3271 2990
3272 2990
3273 2991
3274 2992
3275 2993
3276 2994
3277 2995
3278 2996
3279 2997
3280 2997
3281 2998
3282 2999
3283 2999
3284 3000
3285 3001
3286 3001
3287 3001
3288 3002
3289 3003
3290 3003
3291 3004
3292 3005
3293 3006
3294 3007
3295 3008
3296 3009
3297 3010
3298 3011
3299 3012
3300 3013
3301 3014
3302 3015
3303 3016
3304 3017
3305 3018
3306 3019
3307 3020
3308 3021
3309 3021
3310 3022
3311 3023
3312 3024
3313 3025
3314 3026
3315 3027
3316 3028
3317 3028
3318 3028
3319 3029
3320 3030
3321 3031
3322 3032
3323 3033
3324 3034
3325 3035
3326 3036
3327 3037
3328 3038
3329 3039
3330 3040
3331 3041
3332 3042
3333 3043
3334 3044
3335 3045
3336 3046
3337 3047
3338 3048
3339 3049
3340 3050
3341 3050
3342 3051
3343 3052
3344 3053
3345 3054
3346 3055
3347 3055
3348 3056
3349 3057
3350 3058
3351 3059
3352 3060
3353 3061
3354 3062
3355 3063
3356 3064
3357 3065
3358 3066
3359 3067
3360 3068
3361 3068
3362 3068
3363 3069
3364 3069
3365 3070
3366 3071
3367 3072
3368 3073
3369 3074
3370 3074
3371 3075
3372 3076
3373 3077
3374 3078
3375 3079
3376 3080
3377 3081
3378 3082
3379 3082
3380 3083
3381 3084
3382 3085
3383 3086
3384 3087
3385 3088
3386 3089
3387 3090
3388 3091
3389 3092
3390 3092
3391 3093
3392 3094
3393 3094
3394 3095
3395 3096
3396 3097
3397 3098
3398 3099
3399 3100
3400 3101
3401 3102
3402 3102
3403 3103
3404 3104
3405 3105
3406 3106
3407 3106
3408 3107
3409 3108
3410 3108
3411 3109
3412 3110
3413 3110
3414 3111
3415 3111
3416 3112
3417 3112
3418 3112
3419 3113
3420 3114
3421 3115
3422 3116
3423 3117
3424 3118
3425 3119
3426 3120
3427 3120
3428 3121
3429 3122
3430 3123
3431 3124
3432 3125
3433 3125
3434 3126
3435 3126
3436 3127
3437 3127
3438 3128
3439 3129
3440 3130
3441 3131
3442 3132
3443 3133
3444 3134
3445 3134
3446 3135
3447 3136
3448 3137
3449 3138
3450 3138
3451 3139
3452 3140
3453 3141
3454 3142
3455 3143
3456 3144
3457 3144
3458 3144
3459 3145
3460 3146
3461 3147
3462 3148
3463 3149
3464 3150
3465 3151
3466 3151
3467 3151
3468 3152
3469 3153
3470 3154
3471 3154
3472 3154
3473 3155
3474 3155
3475 3155
3476 3156
3477 3157
3478 3158
3479 3159
3480 3160
3481 3161
3482 3162
3483 3163
3484 3164
3485 3165
3486 3166
3487 3167
3488 3168
3489 3169
3490 3170
3491 3171
3492 3171
3493 3172
3494 3173
3495 3174
3496 3175
3497 3176
3498 3177
3499 3178
3500 3179
3501 3180
3502 3181
3503 3182
3504 3183
3505 3184
3506 3185
3507 3186
3508 3187
3509 3188
3510 3189
3511 3190
3512 3191
3513 3192
3514 3193
3515 3193
3516 3194
3517 3195
3518 3196
3519 3196
3520 3197
3521 3198
3522 3199
3523 3200
3524 3201
3525 3202
3526 3203
3527 3204
3528 3205
3529 3205
3530 3206
3531 3207
3532 3208
3533 3209
3534 3210
3535 3211
3536 3212
3537 3213
3538 3214
3539 3215
3540 3216
3541 3217
3542 3218
3543 3218
3544 3219
3545 3220
3546 3221
3547 3221
3548 3222
3549 3223
3550 3224
3551 3225
3552 3226
3553 3227
3554 3227
3555 3228
3556 3229
3557 3230
3558 3231
3559 3232
3560 3233
3561 3234
3562 3235
3563 3236
3564 3236
3565 3236
3566 3237
3567 3238
3568 3239
3569 3240
3570 3240
3571 3241
3572 3242
3573 3242
3574 3243
3575 3244
3576 3245
3577 3246
3578 3247
3579 3248
3580 3249
3581 3250
3582 3251
3583 3252
3584 3252
3585 3253
3586 3254
3587 3254
3588 3255
3589 3256
3590 3257
3591 3258
3592 3259
3593 3260
3594 3261
3595 3262
3596 3263
3597 3264
3598 3265
3599 3266
3600 3267
3601 3268
3602 3268
3603 3269
3604 3270
3605 3271
3606 3272
3607 3272
3608 3273
3609 3274
3610 3275
3611 3275
3612 3276
3613 3277
3614 3278
3615 3279
3616 3280
3617 3281
3618 3282
3619 3283
3620 3284
3621 3285
3622 3286
3623 3287
3624 3288
3625 3289
3626 3290
3627 3291
3628 3291
3629 3292
3630 3293
3631 3294
3632 3295
3633 3296
3634 3297
3635 3298
3636 3299
3637 3299
3638 3300
3639 3301
3640 3302
3641 3303
3642 3303
3643 3304
3644 3305
3645 3306
3646 3307
3647 3308
3648 3308
3649 3309
3650 3310
3651 3311
3652 3311
3653 3311
3654 3312
3655 3313
3656 3314
3657 3315
3658 3316
3659 3317
3660 3318
3661 3319
3662 3320
3663 3321
3664 3322
3665 3323
3666 3323
3667 3324
3668 3325
3669 3326
3670 3326
3671 3327
3672 3328
3673 3329
3674 3330
3675 3331
3676 3332
3677 3333
3678 3334
3679 3335
3680 3336
3681 3336
3682 3337
3683 3338
3684 3339
3685 3340
3686 3341
3687 3342
3688 3343
3689 3343
3690 3344
3691 3345
3692 3345
3693 3346
3694 3347
3695 3347
3696 3348
3697 3348
3698 3349
3699 3350
3700 3351
3701 3352
3702 3353
3703 3354
3704 3355
3705 3356
3706 3357
3707 3358
3708 3358
3709 3359
3710 3360
3711 3360
3712 3360
3713 3361
3714 3361
3715 3362
3716 3363
3717 3364
3718 3365
3719 3366
3720 3367
3721 3368
3722 3369
3723 3370
3724 3370
3725 3371
3726 3372
3727 3373
3728 3374
3729 3375
3730 3375
3731 3376
3732 3377
3733 3378
3734 3379
3735 3380
3736 3380
3737 3380
3738 3380
3739 3381
3740 3381
3741 3381
3742 3382
3743 3383
3744 3384
3745 3385
3746 3386
3747 3387
3748 3387
3749 3388
3750 3389
3751 3390
3752 3390
3753 3391
3754 3391
3755 3391
3756 3392
3757 3393
3758 3394
3759 3394
3760 3395
3761 3396
3762 3397
3763 3398
3764 3399
3765 3400
3766 3401
3767 3402
3768 3403
3769 3403
3770 3404
3771 3405
3772 3406
3773 3407
3774 3408
3775 3409
3776 3409
3777 3410
3778 3411
3779 3412
3780 3412
3781 3412
3782 3413
3783 3414
3784 3415
3785 3416
3786 3417
3787 3418
3788 3419
3789 3420
3790 3420
3791 3420
3792 3421
3793 3422
3794 3423
3795 3423
3796 3424
3797 3425
3798 3426
3799 3427
3800 3428
3801 3429
3802 3429
3803 3430
3804 3431
3805 3431
3806 3432
3807 3433
3808 3434
3809 3434
3810 3435
3811 3436
3812 3437
3813 3438
3814 3438
3815 3438
3816 3439
3817 3439
3818 3440
3819 3441
3820 3442
3821 3443
3822 3444
3823 3445
3824 3446
3825 3447
3826 3448
3827 3449
3828 3450
3829 3451
3830 3452
3831 3453
3832 3454
3833 3455
3834 3456
3835 3456
3836 3457
3837 3457
3838 3458
3839 3459
3840 3460
3841 3461
3842 3462
3843 3463
3844 3464
3845 3465
3846 3466
3847 3466
3848 3467
3849 3467
3850 3468
3851 3469
3852 3470
3853 3471
3854 3472
3855 3473
3856 3474
3857 3475
3858 3475
3859 3476
3860 3477
3861 3478
3862 3479
3863 3480
3864 3481
3865 3482
3866 3483
3867 3484
3868 3485
3869 3486
3870 3487
3871 3488
3872 3489
3873 3490
3874 3491
3875 3492
3876 3492
3877 3493
3878 3493
3879 3493
3880 3494
3881 3495
3882 3496
3883 3497
3884 3498
3885 3499
3886 3500
3887 3501
3888 3502
3889 3503
3890 3503
3891 3504
3892 3505
3893 3506
3894 3507
3895 3508
3896 3509
3897 3510
3898 3510
3899 3511
3900 3512
3901 3513
3902 3514
3903 3515
3904 3516
3905 3517
3906 3518
3907 3518
3908 3519
3909 3520
3910 3521
3911 3521
3912 3522
3913 3522
3914 3523
3915 3524
3916 3525
3917 3526
3918 3527
3919 3528
3920 3529
3921 3530
3922 3531
3923 3532
3924 3533
3925 3534
3926 3535
3927 3536
3928 3537
3929 3538
3930 3539
3931 3540
3932 3540
3933 3540
3934 3541
3935 3542
3936 3543
3937 3543
3938 3543
3939 3544
3940 3545
3941 3545
3942 3545
3943 3545
3944 3545
3945 3546
3946 3547
3947 3548
3948 3549
3949 3550
3950 3550
3951 3551
3952 3552
3953 3553
3954 3554
3955 3555
3956 3556
3957 3557
3958 3558
3959 3559
3960 3560
3961 3561
3962 3562
3963 3563
3964 3564
3965 3564
3966 3564
3967 3565
3968 3566
3969 3566
3970 3567
3971 3567
3972 3568
3973 3569
3974 3570
3975 3571
3976 3572
3977 3573
3978 3573
3979 3574
3980 3575
3981 3576
3982 3577
3983 3578
3984 3579
3985 3580
3986 3580
3987 3581
3988 3582
3989 3583
3990 3584
3991 3585
3992 3585
3993 3586
3994 3586
3995 3587
3996 3587
3997 3587
3998 3588
3999 3589
4000 3589
4001 3590
4002 3591
4003 3592
4004 3593
4005 3594
4006 3595
4007 3596
4008 3597
4009 3598
4010 3599
4011 3600
4012 3601
4013 3602
4014 3603
4015 3604
4016 3604
4017 3605
4018 3606
4019 3607
4020 3608
4021 3609
4022 3610
4023 3611
4024 3612
4025 3613
4026 3613
4027 3613
4028 3613
4029 3613
4030 3614
4031 3614
4032 3615
4033 3615
4034 3616
4035 3617
4036 3618
4037 3619
4038 3620
4039 3621
4040 3622
4041 3623
4042 3624
4043 3625
4044 3625
4045 3626
4046 3627
4047 3628
4048 3629
4049 3630
4050 3631
4051 3632
4052 3633
4053 3634
4054 3635
4055 3635
4056 3636
4057 3637
4058 3638
4059 3639
4060 3639
4061 3640
4062 3640
4063 3641
4064 3642
4065 3643
4066 3644
4067 3645
4068 3646
4069 3647
4070 3648
4071 3649
4072 3650
4073 3651
4074 3652
4075 3653
4076 3654
4077 3654
4078 3655
4079 3656
4080 3657
4081 3658
4082 3659
4083 3660
4084 3661
4085 3662
4086 3663
4087 3664
4088 3665
4089 3666
4090 3667
4091 3668
4092 3669
4093 3670
4094 3671
4095 3672
4096 3673
4097 3674
4098 3675
4099 3676
4100 3677
4101 3678
4102 3679
4103 3680
4104 3681
4105 3682
4106 3683
4107 3684
4108 3685
4109 3685
4110 3686
4111 3687
4112 3687
4113 3688
4114 3688
4115 3688
4116 3688
4117 3689
4118 3690
4119 3691
4120 3692
4121 3693
4122 3694
4123 3695
4124 3696
4125 3697
4126 3698
4127 3698
4128 3698
4129 3699
4130 3699
4131 3699
4132 3700
4133 3701
4134 3702
4135 3703
4136 3703
4137 3704
4138 3705
4139 3705
4140 3706
4141 3707
4142 3708
4143 3709
4144 3710
4145 3711
4146 3712
4147 3713
4148 3714
4149 3714
4150 3715
4151 3715
4152 3715
4153 3716
4154 3716
4155 3717
4156 3718
4157 3719
4158 3720
4159 3720
4160 3721
4161 3722
4162 3723
4163 3724
4164 3725
4165 3726
4166 3727
4167 3728
4168 3729
4169 3730
4170 3730
4171 3731
4172 3732
4173 3732
4174 3733
4175 3734
4176 3735
4177 3736
4178 3737
4179 3738
4180 3739
4181 3740
4182 3741
4183 3742
4184 3743
4185 3744
4186 3745
4187 3746
4188 3746
4189 3746
4190 3747
4191 3748
4192 3749
4193 3750
4194 3751
4195 3752
4196 3753
4197 3754
4198 3755
4199 3756
4200 3757
4201 3758
4202 3759
4203 3760
4204 3761
4205 3762
4206 3762
4207 3763
4208 3764
4209 3765
4210 3766
4211 3767
4212 3767
4213 3767
4214 3768
4215 3769
4216 3770
4217 3771
4218 3772
4219 3773
4220 3774
4221 3774
4222 3775
4223 3776
4224 3777
4225 3777
4226 3777
4227 3777
4228 3778
4229 3779
4230 3780
4231 3781
4232 3782
4233 3783
4234 3784
4235 3785
4236 3786
4237 3787
4238 3788
4239 3788
4240 3789
4241 3790
4242 3791
4243 3792
4244 3793
4245 3794
4246 3795
4247 3795
4248 3796
4249 3797
4250 3798
4251 3799
4252 3800
4253 3801
4254 3801
4255 3802
4256 3802
4257 3803
4258 3804
4259 3805
4260 3806
4261 3807
4262 3808
4263 3809
4264 3810
4265 3811
4266 3812
4267 3813
4268 3813
4269 3814
4270 3815
4271 3816
4272 3817
4273 3818
4274 3819
4275 3820
4276 3821
4277 3822
4278 3823
4279 3824
4280 3825
4281 3826
4282 3827
4283 3828
4284 3829
4285 3830
4286 3831
4287 3831
4288 3831
4289 3832
4290 3833
4291 3834
4292 3835
4293 3836
4294 3837
4295 3838
4296 3839
4297 3840
4298 3841
4299 3841
4300 3842
4301 3843
4302 3843
4303 3844
4304 3845
4305 3846
4306 3847
4307 3847
4308 3848
4309 3849
4310 3850
4311 3851
4312 3852
4313 3853
4314 3854
4315 3855
4316 3856
4317 3857
4318 3858
4319 3859
4320 3860
4321 3860
4322 3861
4323 3862
4324 3862
4325 3863
4326 3863
4327 3863
4328 3864
4329 3865
4330 3866
4331 3867
4332 3868
4333 3868
4334 3869
4335 3870
4336 3871
4337 3872
4338 3873
4339 3874
4340 3874
4341 3875
4342 3876
4343 3877
4344 3878
4345 3879
4346 3880
4347 3880
4348 3881
4349 3882
4350 3883
4351 3884
4352 3885
4353 3886
4354 3887
4355 3888
4356 3889
4357 3890
4358 3891
4359 3892
4360 3893
4361 3894
4362 3895
4363 3896
4364 3897
4365 3898
4366 3899
4367 3900
4368 3901
4369 3901
4370 3902
4371 3902
4372 3903
4373 3904
4374 3905
4375 3905
4376 3906
4377 3907
4378 3908
4379 3908
4380 3909
4381 3910
4382 3911
4383 3912
4384 3912
4385 3913
4386 3914
4387 3915
4388 3915
4389 3915
4390 3916
4391 3916
4392 3916
4393 3917
4394 3918
4395 3919
4396 3920
4397 3921
4398 3922
4399 3923
4400 3924
4401 3925
4402 3926
4403 3927
4404 3928
4405 3929
4406 3930
4407 3931
4408 3932
4409 3933
4410 3934
4411 3935
4412 3936
4413 3937
4414 3938
4415 3939
4416 3940
4417 3941
4418 3941
4419 3942
4420 3943
4421 3944
4422 3945
4423 3946
4424 3947
4425 3948
4426 3949
4427 3949
4428 3950
4429 3951
4430 3951
4431 3952
4432 3953
4433 3953
4434 3954
4435 3955
4436 3956
4437 3956
4438 3957
4439 3958
4440 3959
4441 3960
4442 3961
4443 3962
4444 3962
4445 3963
4446 3964
4447 3965
4448 3966
4449 3966
4450 3967
4451 3968
4452 3969
4453 3969
4454 3970
4455 3971
4456 3972
4457 3973
4458 3974
4459 3975
4460 3975
4461 3976
4462 3976
4463 3977
4464 3978
4465 3979
4466 3980
4467 3981
4468 3982
4469 3983
4470 3984
4471 3985
4472 3986
4473 3987
4474 3988
4475 3989
4476 3989
4477 3989
4478 3990
4479 3991
4480 3991
4481 3992
4482 3992
4483 3993
4484 3994
4485 3995
4486 3996
4487 3997
4488 3997
4489 3998
4490 3999
4491 4000
4492 4001
4493 4002
4494 4003
4495 4003
4496 4004
4497 4005
4498 4006
4499 4007
4500 4007
4501 4008
4502 4009
4503 4010
4504 4011
4505 4012
4506 4013
4507 4013
4508 4014
4509 4015
4510 4016
4511 4017
4512 4018
4513 4019
4514 4020
4515 4021
4516 4022
4517 4023
4518 4024
4519 4025
4520 4026
4521 4027
4522 4028
4523 4029
4524 4030
4525 4031
4526 4032
4527 4033
4528 4033
4529 4034
4530 4035
4531 4036
4532 4036
4533 4037
4534 4038
4535 4039
4536 4040
4537 4040
4538 4041
4539 4041
4540 4042
4541 4043
4542 4043
4543 4044
4544 4045
4545 4045
4546 4046
4547 4047
4548 4047
4549 4048
4550 4049
4551 4049
4552 4050
4553 4050
4554 4051
4555 4052
4556 4053
4557 4053
4558 4054
4559 4055
4560 4056
4561 4057
4562 4057
4563 4058
4564 4059
4565 4060
4566 4061
4567 4062
4568 4063
4569 4064
4570 4065
4571 4066
4572 4066
4573 4067
4574 4068
4575 4069
4576 4070
4577 4071
4578 4072
4579 4073
4580 4074
4581 4075
4582 4076
4583 4077
4584 4078
4585 4079
4586 4080
4587 4081
4588 4081
4589 4082
4590 4083
4591 4084
4592 4084
4593 4085
4594 4086
4595 4087
4596 4087
4597 4087
4598 4088
4599 4089
4600 4089
4601 4090
4602 4091
4603 4092
4604 4093
4605 4094
4606 4095
4607 4096
4608 4096
4609 4097
4610 4098
4611 4099
4612 4100
4613 4101
4614 4102
4615 4103
4616 4104
4617 4105
4618 4106
4619 4107
4620 4107
4621 4108
4622 4108
4623 4109
4624 4110
4625 4111
4626 4112
4627 4113
4628 4114
4629 4114
4630 4115
4631 4116
4632 4117
4633 4118
4634 4119
4635 4120
4636 4121
4637 4122
4638 4123
4639 4124
4640 4125
4641 4126
4642 4127
4643 4128
4644 4129
4645 4130
4646 4130
4647 4131
4648 4132
4649 4133
4650 4134
4651 4135
4652 4136
4653 4137
4654 4137
4655 4138
4656 4139
4657 4140
4658 4141
4659 4141
4660 4142
4661 4143
4662 4144
4663 4145
4664 4145
4665 4145
4666 4146
4667 4146
4668 4146
4669 4147
4670 4147
4671 4147
4672 4148
4673 4149
4674 4150
4675 4151
4676 4152
4677 4153
4678 4154
4679 4154
4680 4155
4681 4156
4682 4157
4683 4157
4684 4158
4685 4159
4686 4160
4687 4161
4688 4162
4689 4163
4690 4164
4691 4165
4692 4166
4693 4166
4694 4167
4695 4168
4696 4169
4697 4170
4698 4171
4699 4172
4700 4173
4701 4174
4702 4175
4703 4175
4704 4176
4705 4177
4706 4178
4707 4179
4708 4180
4709 4181
4710 4181
4711 4182
4712 4183
4713 4183
4714 4183
4715 4184
4716 4184
4717 4184
4718 4185
4719 4186
4720 4187
4721 4188
4722 4189
4723 4190
4724 4191
4725 4192
4726 4193
4727 4194
4728 4194
4729 4195
4730 4196
4731 4197
4732 4198
4733 4199
4734 4200
4735 4201
4736 4202
4737 4203
4738 4204
4739 4205
4740 4206
4741 4207
4742 4207
4743 4208
4744 4208
4745 4209
4746 4210
4747 4211
4748 4211
4749 4212
4750 4213
4751 4214
4752 4215
4753 4216
4754 4217
4755 4218
4756 4219
4757 4220
4758 4220
4759 4221
4760 4222
4761 4223
4762 4224
4763 4225
4764 4226
4765 4227
4766 4228
4767 4229
4768 4230
4769 4231
4770 4231
4771 4232
4772 4232
4773 4233
4774 4233
4775 4234
4776 4235
4777 4236
4778 4237
4779 4238
4780 4239
4781 4240
4782 4240
4783 4240
4784 4241
4785 4242
4786 4243
4787 4244
4788 4245
4789 4245
4790 4245
4791 4246
4792 4246
4793 4247
4794 4248
4795 4249
4796 4249
4797 4249
4798 4250
4799 4250
4800 4251
4801 4252
4802 4252
4803 4253
4804 4254
4805 4255
4806 4256
4807 4257
4808 4258
4809 4259
4810 4260
4811 4261
4812 4262
4813 4263
4814 4264
4815 4264
4816 4265
4817 4265
4818 4266
4819 4267
4820 4268
4821 4269
4822 4270
4823 4271
4824 4272
4825 4273
4826 4274
4827 4275
4828 4275
4829 4276
4830 4277
4831 4278
4832 4279
4833 4280
4834 4281
4835 4282
4836 4283
4837 4284
4838 4285
4839 4286
4840 4287
4841 4288
4842 4289
4843 4290
4844 4291
4845 4292
4846 4293
4847 4294
4848 4295
4849 4296
4850 4296
4851 4297
4852 4297
4853 4298
4854 4299
4855 4300
4856 4301
4857 4302
4858 4303
4859 4304
4860 4305
4861 4305
4862 4306
4863 4307
4864 4308
4865 4309
4866 4310
4867 4311
4868 4312
4869 4312
4870 4313
4871 4314
4872 4315
4873 4316
4874 4317
4875 4318
4876 4319
4877 4320
4878 4321
4879 4322
4880 4322
4881 4323
4882 4324
4883 4324
4884 4325
4885 4325
4886 4325
4887 4326
4888 4326
4889 4327
4890 4328
4891 4329
4892 4329
4893 4330
4894 4331
4895 4332
4896 4333
4897 4334
4898 4335
4899 4336
4900 4337
4901 4337
4902 4337
4903 4338
4904 4339
4905 4339
4906 4340
4907 4341
4908 4342
4909 4343
4910 4344
4911 4345
4912 4345
4913 4345
4914 4346
4915 4347
4916 4347
4917 4348
4918 4349
4919 4349
4920 4350
4921 4351
4922 4352
4923 4352
4924 4352
4925 4353
4926 4353
4927 4354
4928 4355
4929 4356
4930 4356
4931 4357
4932 4357
4933 4357
4934 4358
4935 4359
4936 4360
4937 4360
4938 4360
4939 4361
4940 4362
4941 4363
4942 4363
4943 4364
4944 4364
4945 4365
4946 4366
4947 4366
4948 4367
4949 4368
4950 4369
4951 4370
4952 4371
4953 4372
4954 4373
4955 4374
4956 4375
4957 4376
4958 4377
4959 4378
4960 4379
4961 4379
4962 4380
4963 4381
4964 4382
4965 4383
4966 4383
4967 4384
4968 4384
4969 4385
4970 4386
4971 4386
4972 4387
4973 4387
4974 4388
4975 4389
4976 4390
4977 4390
4978 4391
4979 4392
4980 4393
4981 4394
4982 4394
4983 4395
4984 4396
4985 4397
4986 4398
4987 4399
4988 4399
4989 4400
4990 4401
4991 4402
4992 4403
4993 4404
4994 4405
4995 4406
4996 4407
4997 4407
4998 4408
4999 4408
5000 4409
5001 4410
5002 4411
5003 4412
5004 4413
5005 4414
5006 4414
5007 4415
5008 4416
5009 4417
5010 4418
5011 4418
5012 4419
5013 4420
5014 4421
5015 4421
5016 4422
5017 4422
5018 4423
5019 4424
5020 4425
5021 4426
5022 4427
5023 4428
5024 4429
5025 4430
5026 4430
5027 4431
5028 4431
5029 4432
5030 4433
5031 4434
5032 4435
5033 4436
5034 4436
5035 4437
5036 4438
5037 4439
5038 4440
5039 4441
5040 4442
5041 4443
5042 4444
5043 4445
5044 4446
5045 4447
5046 4448
5047 4449
5048 4450
5049 4450
5050 4451
5051 4452
5052 4453
5053 4454
5054 4455
5055 4456
5056 4457
5057 4457
5058 4458
5059 4459
5060 4460
5061 4460
5062 4461
5063 4462
5064 4462
5065 4463
5066 4464
5067 4465
5068 4466
5069 4467
5070 4468
5071 4469
5072 4470
5073 4471
5074 4472
5075 4473
5076 4474
5077 4475
5078 4476
5079 4477
5080 4478
5081 4479
5082 4480
5083 4481
5084 4482
5085 4483
5086 4484
5087 4485
5088 4486
5089 4487
5090 4488
5091 4489
5092 4490
5093 4491
5094 4492
5095 4493
5096 4494
5097 4495
5098 4496
5099 4497
5100 4498
5101 4499
5102 4500
5103 4501
5104 4502
5105 4502
5106 4503
5107 4504
5108 4505
5109 4506
5110 4507
5111 4508
5112 4509
5113 4510
5114 4511
5115 4512
5116 4513
5117 4514
5118 4514
5119 4515
5120 4515
5121 4515
5122 4516
5123 4516
5124 4517
5125 4517
5126 4518
5127 4518
5128 4519
5129 4520
5130 4521
5131 4522
5132 4522
5133 4523
5134 4524
5135 4525
5136 4526
5137 4527
5138 4527
5139 4528
5140 4529
5141 4529
5142 4530
5143 4531
5144 4532
5145 4533
5146 4534
5147 4535
5148 4536
5149 4536
5150 4537
5151 4537
5152 4538
5153 4539
5154 4540
5155 4540
5156 4541
5157 4542
5158 4543
5159 4544
5160 4545
5161 4546
5162 4547
5163 4548
5164 4549
5165 4550
5166 4551
5167 4552
5168 4553
5169 4553
5170 4554
5171 4555
5172 4555
5173 4556
5174 4557
5175 4558
5176 4559
5177 4560
5178 4560
5179 4560
5180 4561
5181 4562
5182 4563
5183 4564
5184 4564
5185 4565
5186 4566
5187 4567
5188 4568
5189 4569
5190 4570
5191 4571
5192 4572
5193 4573
5194 4573
5195 4574
5196 4575
5197 4576
5198 4577
5199 4578
5200 4579
5201 4580
5202 4581
5203 4582
5204 4583
5205 4584
5206 4585
5207 4586
5208 4587
5209 4587
5210 4588
5211 4588
5212 4589
5213 4590
5214 4590
5215 4591
5216 4592
5217 4593
5218 4594
5219 4595
5220 4596
5221 4597
5222 4598
5223 4599
5224 4599
5225 4600
5226 4600
5227 4601
5228 4602
5229 4603
5230 4604
5231 4605
5232 4606
5233 4607
5234 4608
5235 4609
5236 4609
5237 4610
5238 4611
5239 4612
5240 4613
5241 4614
5242 4615
5243 4616
5244 4616
5245 4617
5246 4617
5247 4617
5248 4618
5249 4619
5250 4620
5251 4621
5252 4622
5253 4623
5254 4624
5255 4625
5256 4625
5257 4626
5258 4627
5259 4627
5260 4628
5261 4629
5262 4629
5263 4629
5264 4630
5265 4631
5266 4632
5267 4633
5268 4634
5269 4634
5270 4635
5271 4635
5272 4636
5273 4637
5274 4638
5275 4639
5276 4640
5277 4641
5278 4641
5279 4642
5280 4643
5281 4644
5282 4644
5283 4645
5284 4646
5285 4647
5286 4648
5287 4649
5288 4649
5289 4650
5290 4651
5291 4652
5292 4653
5293 4654
5294 4655
5295 4656
5296 4657
5297 4657
5298 4657
5299 4658
5300 4658
5301 4659
5302 4659
5303 4659
5304 4660
5305 4660
5306 4661
5307 4662
5308 4663
5309 4663
5310 4664
5311 4665
5312 4665
5313 4666
5314 4667
5315 4668
5316 4669
5317 4670
5318 4671
5319 4671
5320 4672
5321 4673
5322 4674
5323 4675
5324 4676
5325 4677
5326 4678
5327 4679
5328 4679
5329 4679
5330 4680
5331 4680
5332 4681
5333 4682
5334 4683
5335 4684
5336 4684
5337 4684
5338 4684
5339 4685
5340 4686
5341 4687
5342 4688
5343 4688
5344 4688
5345 4689
5346 4690
5347 4691
5348 4691
5349 4691
5350 4691
5351 4692
5352 4693
5353 4693
5354 4694
5355 4695
5356 4695
5357 4696
5358 4697
5359 4697
5360 4698
5361 4699
5362 4700
5363 4701
5364 4702
5365 4702
5366 4703
5367 4704
5368 4705
5369 4706
5370 4707
5371 4708
5372 4709
5373 4709
5374 4710
5375 4711
5376 4712
5377 4713
5378 4714
5379 4714
5380 4714
5381 4715
5382 4715
5383 4716
5384 4716
5385 4717
5386 4718
5387 4719
5388 4720
5389 4721
5390 4722
5391 4723
5392 4724
5393 4725
5394 4726
5395 4727
5396 4728
5397 4729
5398 4730
5399 4731
5400 4732
5401 4733
5402 4734
5403 4734
5404 4734
5405 4735
5406 4736
5407 4736
5408 4737
5409 4737
5410 4738
5411 4739
5412 4740
5413 4741
5414 4742
5415 4743
5416 4744
5417 4745
5418 4746
5419 4747
5420 4748
5421 4749
5422 4750
5423 4751
5424 4752
5425 4753
5426 4754
5427 4755
5428 4756
5429 4757
5430 4758
5431 4759
5432 4760
5433 4761
5434 4762
5435 4763
5436 4764
5437 4765
5438 4765
5439 4766
5440 4767
5441 4768
5442 4769
5443 4769
5444 4770
5445 4771
5446 4772
5447 4773
5448 4774
5449 4775
5450 4776
5451 4777
5452 4778
5453 4779
5454 4780
5455 4781
5456 4782
5457 4783
5458 4784
5459 4784
5460 4785
5461 4785
5462 4786
5463 4787
5464 4788
5465 4789
5466 4789
5467 4790
5468 4791
5469 4792
5470 4793
5471 4794
5472 4794
5473 4795
5474 4796
5475 4797
5476 4798
5477 4798
5478 4799
5479 4799
5480 4800
5481 4801
5482 4802
5483 4803
5484 4803
5485 4804
5486 4804
5487 4805
5488 4806
5489 4806
5490 4806
5491 4806
5492 4806
5493 4807
5494 4808
5495 4809
5496 4810
5497 4811
5498 4812
5499 4813
5500 4814
5501 4815
5502 4816
5503 4817
5504 4818
5505 4818
5506 4818
5507 4818
5508 4819
5509 4820
5510 4821
5511 4822
5512 4823
5513 4823
5514 4823
5515 4823
5516 4824
5517 4825
5518 4826
5519 4827
5520 4828
5521 4829
5522 4830
5523 4831
5524 4832
5525 4832
5526 4832
5527 4833
5528 4834
5529 4835
5530 4836
5531 4837
5532 4837
5533 4837
5534 4838
5535 4839
5536 4840
5537 4841
5538 4842
5539 4842
5540 4843
5541 4844
5542 4844
5543 4845
5544 4846
5545 4847
5546 4848
5547 4849
5548 4850
5549 4851
5550 4852
5551 4853
5552 4854
5553 4854
5554 4855
5555 4855
5556 4856
5557 4857
5558 4857
5559 4858
5560 4859
5561 4860
5562 4861
5563 4862
5564 4863
5565 4864
5566 4865
5567 4866
5568 4867
5569 4868
5570 4869
5571 4870
5572 4871
5573 4872
5574 4873
5575 4874
5576 4875
5577 4876
5578 4877
5579 4878
5580 4879
5581 4880
5582 4881
5583 4882
5584 4883
5585 4884
5586 4885
5587 4886
5588 4887
5589 4887
5590 4888
5591 4888
5592 4889
5593 4890
5594 4891
5595 4892
5596 4893
5597 4894
5598 4895
5599 4896
5600 4897
5601 4898
5602 4899
5603 4900
5604 4901
5605 4902
5606 4903
5607 4904
5608 4905
5609 4906
5610 4907
5611 4908
5612 4909
5613 4910
5614 4911
5615 4912
5616 4912
5617 4913
5618 4913
5619 4914
5620 4915
5621 4916
5622 4917
5623 4918
5624 4919
5625 4920
5626 4921
5627 4922
5628 4923
5629 4924
5630 4925
5631 4926
5632 4926
5633 4927
5634 4928
5635 4929
5636 4930
5637 4931
5638 4932
5639 4932
5640 4933
5641 4934
5642 4935
5643 4936
5644 4937
5645 4938
5646 4939
5647 4939
5648 4940
5649 4941
5650 4941
5651 4942
5652 4943
5653 4943
5654 4944
5655 4945
5656 4946
5657 4947
5658 4948
5659 4949
5660 4950
5661 4951
5662 4951
5663 4951
5664 4952
5665 4952
5666 4953
5667 4954
5668 4955
5669 4956
5670 4957
5671 4958
5672 4958
5673 4959
5674 4960
5675 4961
5676 4962
5677 4963
5678 4964
5679 4964
5680 4965
5681 4966
5682 4966
5683 4966
5684 4966
5685 4967
5686 4967
5687 4967
5688 4968
5689 4969
5690 4970
5691 4971
5692 4971
5693 4971
5694 4972
5695 4973
5696 4974
5697 4975
5698 4975
5699 4976
5700 4977
5701 4978
5702 4979
5703 4980
5704 4981
5705 4982
5706 4983
5707 4984
5708 4985
5709 4986
5710 4987
5711 4988
5712 4989
5713 4990
5714 4991
5715 4992
5716 4992
5717 4992
5718 4993
5719 4994
5720 4995
5721 4996
5722 4997
5723 4998
5724 4999
5725 4999
5726 4999
5727 5000
5728 5001
5729 5002
5730 5003
5731 5004
5732 5005
5733 5005
5734 5006
5735 5007
5736 5008
5737 5009
5738 5010
5739 5011
5740 5012
5741 5013
5742 5013
5743 5014
5744 5015
5745 5016
5746 5017
5747 5017
5748 5018
5749 5019
5750 5020
5751 5021
5752 5022
5753 5023
5754 5024
5755 5025
5756 5025
5757 5026
5758 5027
5759 5028
5760 5029
5761 5029
5762 5030
5763 5031
5764 5032
5765 5033
5766 5034
5767 5035
5768 5036
5769 5037
5770 5038
5771 5039
5772 5040
5773 5040
5774 5041
5775 5042
5776 5043
5777 5044
5778 5045
5779 5045
5780 5045
5781 5046
5782 5047
5783 5048
5784 5049
5785 5049
5786 5049
5787 5050
5788 5051
5789 5052
5790 5053
5791 5054
5792 5055
5793 5056
5794 5057
5795 5058
5796 5059
5797 5060
5798 5060
5799 5061
5800 5061
5801 5062
5802 5063
5803 5064
5804 5064
5805 5065
5806 5066
5807 5067
5808 5068
5809 5069
5810 5070
5811 5070
5812 5071
5813 5071
5814 5072
5815 5073
5816 5073
5817 5074
5818 5074
5819 5074
5820 5075
5821 5076
5822 5077
5823 5078
5824 5079
5825 5080
5826 5081
5827 5081
5828 5081
5829 5082
5830 5082
5831 5082
5832 5083
5833 5084
5834 5085
5835 5085
5836 5086
5837 5087
5838 5088
5839 5089
5840 5090
5841 5090
5842 5091
5843 5092
5844 5093
5845 5094
5846 5095
5847 5096
5848 5097
5849 5097
5850 5098
5851 5099
5852 5100
5853 5101
5854 5102
5855 5102
5856 5103
5857 5104
5858 5105
5859 5106
5860 5107
5861 5107
5862 5108
5863 5109
5864 5110
5865 5110
5866 5111
5867 5112
5868 5113
5869 5114
5870 5115
5871 5115
5872 5115
5873 5116
5874 5117
5875 5117
5876 5118
5877 5118
5878 5119
5879 5120
5880 5121
5881 5122
5882 5122
5883 5122
5884 5123
5885 5123
5886 5124
5887 5124
5888 5125
5889 5126
5890 5127
5891 5128
5892 5129
5893 5130
5894 5130
5895 5131
5896 5132
5897 5133
5898 5134
5899 5134
5900 5135
5901 5136
5902 5137
5903 5138
5904 5139
5905 5140
5906 5140
5907 5141
5908 5142
5909 5143
5910 5144
5911 5144
5912 5145
5913 5146
5914 5147
5915 5148
5916 5148
5917 5148
5918 5149
5919 5149
5920 5150
5921 5151
5922 5151
5923 5151
5924 5152
5925 5152
5926 5153
5927 5154
5928 5155
5929 5155
5930 5156
5931 5157
5932 5158
5933 5158
5934 5158
5935 5159
5936 5159
5937 5160
5938 5161
5939 5162
5940 5163
5941 5164
5942 5165
5943 5166
5944 5167
5945 5167
5946 5168
5947 5168
5948 5169
5949 5170
5950 5171
5951 5171
5952 5172
5953 5173
5954 5174
5955 5175
5956 5175
5957 5176
5958 5177
5959 5178
5960 5179
5961 5180
5962 5181
5963 5182
5964 5183
5965 5184
5966 5185
5967 5186
5968 5186
5969 5187
5970 5188
5971 5189
5972 5190
5973 5191
5974 5192
5975 5193
5976 5194
5977 5195
5978 5196
5979 5197
5980 5198
5981 5199
5982 5200
5983 5201
5984 5202
5985 5203
5986 5204
5987 5205
5988 5206
5989 5207
5990 5208
5991 5209
5992 5210
5993 5211
5994 5212
5995 5212
5996 5213
5997 5214
5998 5215
5999 5216
6000 5217
6001 5217
6002 5218
6003 5219
6004 5219
6005 5219
6006 5220
6007 5221
6008 5222
6009 5223
6010 5224
6011 5225
6012 5226
6013 5227
6014 5228
6015 5229
6016 5230
6017 5230
6018 5231
6019 5232
6020 5232
6021 5232
6022 5232
6023 5232
6024 5232
6025 5233
6026 5233
6027 5234
6028 5235
6029 5235
6030 5236
6031 5236
6032 5236
6033 5237
6034 5238
6035 5239
6036 5240
6037 5241
6038 5241
6039 5242
6040 5243
6041 5244
6042 5245
6043 5246
6044 5247
6045 5248
6046 5249
6047 5249
6048 5249
6049 5249
6050 5250
6051 5251
6052 5252
6053 5253
6054 5254
6055 5255
6056 5256
6057 5257
6058 5258
6059 5259
6060 5260
6061 5260
6062 5261
6063 5262
6064 5263
6065 5264
6066 5265
6067 5266
6068 5267
6069 5268
6070 5269
6071 5270
6072 5271
6073 5272
6074 5272
6075 5272
6076 5273
6077 5274
6078 5275
6079 5276
6080 5277
6081 5278
6082 5279
6083 5280
6084 5281
6085 5281
6086 5282
6087 5282
6088 5282
6089 5283
6090 5283
6091 5284
6092 5285
6093 5286
6094 5287
6095 5287
6096 5288
6097 5289
6098 5290
6099 5291
6100 5292
6101 5292
6102 5293
6103 5294
6104 5295
6105 5296
6106 5297
6107 5298
6108 5299
6109 5300
6110 5301
6111 5302
6112 5303
6113 5303
6114 5304
6115 5305
6116 5305
6117 5305
6118 5306
6119 5306
6120 5306
6121 5306
6122 5307
6123 5308
6124 5309
6125 5310
6126 5310
6127 5311
6128 5312
6129 5313
6130 5314
6131 5315
6132 5315
6133 5315
6134 5315
6135 5316
6136 5317
6137 5318
6138 5319
6139 5320
6140 5321
6141 5321
6142 5322
6143 5323
6144 5324
6145 5325
6146 5326
6147 5327
6148 5328
6149 5328
6150 5329
6151 5330
6152 5330
6153 5330
6154 5331
6155 5332
6156 5333
6157 5334
6158 5334
6159 5334
6160 5335
6161 5336
6162 5337
6163 5337
6164 5338
6165 5339
6166 5339
6167 5340
6168 5341
6169 5342
6170 5343
6171 5344
6172 5345
6173 5346
6174 5347
6175 5348
6176 5349
6177 5350
6178 5351
6179 5351
6180 5352
6181 5353
6182 5353
6183 5354
6184 5355
6185 5356
6186 5357
6187 5358
6188 5358
6189 5359
6190 5360
6191 5361
6192 5361
6193 5362
6194 5363
6195 5364
6196 5364
6197 5365
6198 5366
6199 5367
6200 5368
6201 5369
6202 5370
6203 5371
6204 5372
6205 5372
6206 5373
6207 5374
6208 5375
6209 5376
6210 5377
6211 5378
6212 5378
6213 5379
6214 5379
6215 5380
6216 5381
6217 5382
6218 5382
6219 5383
6220 5384
6221 5385
6222 5385
6223 5385
6224 5386
6225 5387
6226 5387
6227 5388
6228 5389
6229 5390
6230 5391
6231 5392
6232 5393
6233 5394
6234 5394
6235 5395
6236 5396
6237 5397
6238 5398
6239 5399
6240 5400
6241 5401
6242 5401
6243 5402
6244 5403
6245 5404
6246 5404
6247 5404
6248 5404
6249 5405
6250 5405
6251 5406
6252 5406
6253 5407
6254 5408
6255 5409
6256 5410
6257 5411
6258 5412
6259 5413
6260 5414
6261 5415
6262 5416
6263 5417
6264 5418
6265 5419
6266 5420
6267 5420
6268 5421
6269 5422
6270 5423
6271 5424
6272 5424
6273 5425
6274 5426
6275 5427
6276 5428
6277 5429
6278 5430
6279 5431
6280 5432
6281 5433
6282 5434
6283 5434
6284 5435
6285 5436
6286 5436
6287 5437
6288 5438
6289 5439
6290 5439
6291 5440
6292 5441
6293 5441
6294 5442
6295 5443
6296 5444
6297 5445
6298 5446
6299 5447
6300 5448
6301 5448
6302 5449
6303 5450
6304 5451
6305 5452
6306 5453
6307 5454
6308 5455
6309 5455
6310 5456
6311 5457
6312 5458
6313 5459
6314 5460
6315 5461
6316 5462
6317 5463
6318 5463
6319 5464
6320 5464
6321 5464
6322 5465
6323 5466
6324 5466
6325 5466
6326 5466
6327 5467
6328 5468
6329 5469
6330 5470
6331 5470
6332 5471
6333 5472
6334 5473
6335 5474
6336 5475
6337 5475
6338 5475
6339 5476
6340 5477
6341 5478
6342 5478
6343 5479
6344 5480
6345 5481
6346 5482
6347 5482
6348 5483
6349 5484
6350 5485
6351 5486
6352 5487
6353 5488
6354 5488
6355 5489
6356 5489
6357 5490
6358 5491
6359 5492
6360 5492
6361 5493
6362 5494
6363 5495
6364 5496
6365 5496
6366 5497
6367 5498
6368 5499
6369 5500
6370 5500
6371 5501
6372 5502
6373 5503
6374 5504
6375 5505
6376 5506
6377 5507
6378 5508
6379 5508
6380 5509
6381 5510
6382 5510
6383 5510
6384 5511
6385 5512
6386 5513
6387 5514
6388 5515
6389 5516
6390 5517
6391 5517
6392 5517
6393 5518
6394 5519
6395 5520
6396 5521
6397 5522
6398 5523
6399 5524
6400 5525
6401 5526
6402 5527
6403 5528
6404 5529
6405 5530
6406 5531
6407 5532
6408 5532
6409 5533
6410 5534
6411 5535
6412 5535
6413 5536
6414 5536
6415 5537
6416 5538
6417 5539
6418 5539
6419 5540
6420 5541
6421 5542
6422 5542
6423 5543
6424 5544
6425 5545
6426 5546
6427 5547
6428 5548
6429 5549
6430 5550
6431 5550
6432 5550
6433 5551
6434 5552
6435 5552
6436 5553
6437 5554
6438 5555
6439 5556
6440 5557
6441 5558
6442 5559
6443 5560
6444 5561
6445 5561
6446 5562
6447 5563
6448 5564
6449 5565
6450 5565
6451 5566
6452 5566
6453 5566
6454 5566
6455 5567
6456 5568
6457 5569
6458 5570
6459 5571
6460 5572
6461 5573
6462 5574
6463 5575
6464 5576
6465 5577
6466 5578
6467 5579
6468 5579
6469 5580
6470 5581
6471 5582
6472 5583
6473 5584
6474 5585
6475 5586
6476 5587
6477 5588
6478 5589
6479 5589
6480 5590
6481 5591
6482 5592
6483 5593
6484 5594
6485 5595
6486 5596
6487 5596
6488 5597
6489 5598
6490 5599
6491 5600
6492 5601
6493 5601
6494 5601
6495 5602
6496 5603
6497 5604
6498 5605
6499 5606
6500 5607
6501 5607
6502 5608
6503 5608
6504 5608
6505 5609
6506 5610
6507 5610
6508 5611
6509 5612
6510 5613
6511 5613
6512 5614
6513 5615
6514 5616
6515 5617
6516 5618
6517 5619
6518 5619
6519 5620
6520 5621
6521 5622
6522 5623
6523 5624
6524 5625
6525 5626
6526 5626
6527 5627
6528 5628
6529 5628
6530 5628
6531 5629
6532 5630
6533 5631
6534 5632
6535 5633
6536 5634
6537 5634
6538 5635
6539 5636
6540 5637
6541 5638
6542 5639
6543 5640
6544 5641
6545 5642
6546 5643
6547 5644
6548 5644
6549 5644
6550 5645
6551 5646
6552 5647
6553 5648
6554 5648
6555 5649
6556 5650
6557 5650
6558 5651
6559 5651
6560 5651
6561 5652
6562 5652
6563 5653
6564 5653
6565 5654
6566 5654
6567 5655
6568 5656
6569 5657
6570 5657
6571 5658
6572 5659
6573 5660
6574 5661
6575 5662
6576 5663
6577 5664
6578 5665
6579 5666
6580 5667
6581 5668
6582 5668
6583 5669
6584 5670
6585 5671
6586 5672
6587 5673
6588 5674
6589 5675
6590 5676
6591 5676
6592 5677
6593 5677
6594 5678
6595 5679
6596 5680
6597 5681
6598 5682
6599 5683
6600 5684
6601 5685
6602 5686
6603 5687
6604 5687
6605 5687
6606 5687
6607 5688
6608 5689
6609 5690
6610 5691
6611 5691
6612 5691
6613 5692
6614 5693
6615 5694
6616 5695
6617 5696
6618 5697
6619 5697
6620 5697
6621 5697
6622 5698
6623 5698
6624 5698
6625 5699
6626 5700
6627 5701
6628 5701
6629 5701
6630 5702
6631 5703
6632 5704
6633 5705
6634 5706
6635 5707
6636 5708
6637 5709
6638 5710
6639 5711
6640 5712
6641 5713
6642 5714
6643 5715
6644 5716
6645 5717
6646 5718
6647 5719
6648 5720
6649 5720
6650 5721
6651 5722
6652 5722
6653 5723
6654 5723
6655 5724
6656 5724
6657 5725
6658 5726
6659 5726
6660 5726
6661 5726
6662 5727
6663 5728
6664 5728
6665 5729
6666 5730
6667 5731
6668 5732
6669 5733
6670 5734
6671 5735
6672 5735
6673 5735
6674 5735
6675 5735
6676 5736
6677 5737
6678 5738
6679 5739
6680 5740
6681 5741
6682 5741
6683 5742
6684 5743
6685 5743
6686 5744
6687 5745
6688 5745
6689 5746
6690 5746
6691 5747
6692 5748
6693 5749
6694 5749
6695 5750
6696 5750
6697 5751
6698 5752
6699 5753
6700 5753
6701 5754
6702 5755
6703 5756
6704 5757
6705 5758
6706 5759
6707 5760
6708 5761
6709 5762
6710 5763
6711 5763
6712 5764
6713 5765
6714 5766
6715 5767
6716 5767
6717 5767
6718 5768
6719 5769
6720 5770
6721 5771
6722 5772
6723 5773
6724 5774
6725 5774
6726 5775
6727 5776
6728 5777
6729 5777
6730 5778
6731 5779
6732 5780
6733 5780
6734 5781
6735 5782
6736 5783
6737 5784
6738 5785
6739 5785
6740 5785
6741 5786
6742 5787
6743 5788
6744 5789
6745 5789
6746 5790
6747 5791
6748 5792
6749 5793
6750 5794
6751 5794
6752 5794
6753 5795
6754 5796
6755 5796
6756 5797
6757 5798
6758 5799
6759 5800
6760 5800
6761 5801
6762 5801
6763 5802
6764 5803
6765 5804
6766 5805
6767 5806
6768 5807
6769 5808
6770 5809
6771 5810
6772 5810
6773 5811
6774 5812
6775 5812
6776 5813
6777 5813
6778 5814
6779 5815
6780 5816
6781 5816
6782 5817
6783 5818
6784 5818
6785 5819
6786 5820
6787 5820
6788 5821
6789 5822
6790 5823
6791 5824
6792 5825
6793 5826
6794 5826
6795 5827
6796 5828
6797 5829
6798 5830
6799 5831
6800 5832
6801 5833
6802 5834
6803 5835
6804 5836
6805 5837
6806 5838
6807 5839
6808 5840
6809 5841
6810 5842
6811 5842
6812 5842
6813 5843
6814 5844
6815 5845
6816 5845
6817 5846
6818 5847
6819 5848
6820 5849
6821 5850
6822 5851
6823 5852
6824 5853
6825 5854
6826 5855
6827 5856
6828 5857
6829 5858
6830 5859
6831 5860
6832 5861
6833 5862
6834 5863
6835 5864
6836 5865
6837 5866
6838 5866
6839 5867
6840 5868
6841 5868
6842 5869
6843 5869
6844 5869
6845 5870
6846 5870
6847 5871
6848 5872
6849 5873
6850 5873
6851 5874
6852 5875
6853 5876
6854 5877
6855 5877
6856 5877
6857 5877
6858 5878
6859 5879
6860 5880
6861 5881
6862 5881
6863 5881
6864 5882
6865 5883
6866 5884
6867 5885
6868 5886
6869 5887
6870 5887
6871 5887
6872 5888
6873 5889
6874 5889
6875 5890
6876 5890
6877 5890
6878 5890
6879 5891
6880 5892
6881 5892
6882 5893
6883 5894
6884 5895
6885 5895
6886 5895
6887 5895
6888 5896
6889 5897
6890 5898
6891 5899
6892 5900
6893 5900
6894 5901
6895 5901
6896 5901
6897 5902
6898 5903
6899 5904
6900 5905
6901 5906
6902 5906
6903 5907
6904 5908
6905 5909
6906 5910
6907 5911
6908 5911
6909 5912
6910 5913
6911 5914
6912 5915
6913 5915
6914 5916
6915 5917
6916 5918
6917 5918
6918 5919
6919 5920
6920 5921
6921 5922
6922 5923
6923 5923
6924 5923
6925 5924
6926 5924
6927 5925
6928 5925
6929 5925
6930 5926
6931 5927
6932 5928
6933 5929
6934 5930
6935 5930
6936 5931
6937 5932
6938 5933
6939 5933
6940 5934
6941 5935
6942 5936
6943 5937
6944 5937
6945 5938
6946 5939
6947 5940
6948 5940
6949 5941
6950 5942
6951 5943
6952 5944
6953 5945
6954 5946
6955 5947
6956 5948
6957 5949
6958 5949
6959 5949
6960 5950
6961 5951
6962 5952
6963 5953
6964 5954
6965 5955
6966 5955
6967 5955
6968 5955
6969 5956
6970 5957
6971 5958
6972 5958
6973 5959
6974 5960
6975 5961
6976 5962
6977 5963
6978 5964
6979 5965
6980 5965
6981 5966
6982 5967
6983 5968
6984 5969
6985 5970
6986 5970
6987 5970
6988 5971
6989 5972
6990 5973
6991 5974
6992 5975
6993 5976
6994 5977
6995 5978
6996 5979
6997 5980
6998 5981
6999 5982
7000 5983
7001 5983
7002 5984
7003 5984
7004 5985
7005 5986
7006 5987
7007 5988
7008 5989
7009 5990
7010 5991
7011 5991
7012 5992
7013 5993
7014 5994
7015 5995
7016 5995
7017 5996
7018 5997
7019 5997
7020 5998
7021 5999
7022 5999
7023 6000
7024 6001
7025 6001
7026 6002
7027 6002
7028 6003
7029 6003
7030 6004
7031 6005
7032 6006
7033 6007
7034 6008
7035 6009
7036 6010
7037 6010
7038 6010
7039 6011
7040 6012
7041 6012
7042 6013
7043 6013
7044 6014
7045 6015
7046 6016
7047 6017
7048 6018
7049 6018
7050 6018
7051 6019
7052 6020
7053 6021
7054 6021
7055 6022
7056 6023
7057 6023
7058 6024
7059 6025
7060 6026
7061 6027
7062 6028
7063 6029
7064 6030
7065 6030
7066 6030
7067 6031
7068 6032
7069 6033
7070 6033
7071 6034
7072 6034
7073 6034
7074 6034
7075 6035
7076 6036
7077 6037
7078 6038
7079 6039
7080 6040
7081 6040
7082 6040
7083 6041
7084 6042
7085 6043
7086 6044
7087 6045
7088 6046
7089 6046
7090 6047
7091 6048
7092 6048
7093 6049
7094 6050
7095 6051
7096 6052
7097 6053
7098 6053
7099 6053
7100 6054
7101 6055
7102 6056
7103 6057
7104 6058
7105 6059
7106 6060
7107 6061
7108 6062
7109 6063
7110 6063
7111 6064
7112 6064
7113 6065
7114 6066
7115 6067
7116 6068
7117 6069
7118 6070
7119 6071
7120 6072
7121 6072
7122 6073
7123 6074
7124 6074
7125 6075
7126 6076
7127 6076
7128 6076
7129 6077
7130 6078
7131 6079
7132 6080
7133 6080
7134 6080
7135 6081
7136 6082
7137 6082
7138 6083
7139 6084
7140 6085
7141 6086
7142 6086
7143 6086
7144 6087
7145 6088
7146 6088
7147 6089
7148 6090
7149 6091
7150 6092
7151 6093
7152 6094
7153 6095
7154 6096
7155 6096
7156 6096
7157 6096
7158 6097
7159 6098
7160 6098
7161 6099
7162 6100
7163 6100
7164 6100
7165 6100
7166 6100
7167 6100
7168 6101
7169 6102
7170 6103
7171 6104
7172 6105
7173 6106
7174 6107
7175 6108
7176 6109
7177 6110
7178 6111
7179 6112
7180 6113
7181 6113
7182 6113
7183 6114
7184 6115
7185 6116
7186 6117
7187 6117
7188 6118
7189 6119
7190 6120
7191 6121
7192 6121
7193 6122
7194 6123
7195 6124
7196 6125
7197 6126
7198 6127
7199 6128
7200 6129
7201 6129
7202 6129
7203 6130
7204 6130
7205 6131
7206 6131
7207 6132
7208 6132
7209 6132
7210 6133
7211 6133
7212 6134
7213 6135
7214 6136
7215 6137
7216 6137
7217 6138
7218 6138
7219 6139
7220 6140
7221 6140
7222 6140
7223 6140
7224 6141
7225 6142
7226 6143
7227 6144
7228 6145
7229 6146
7230 6147
7231 6148
7232 6148
7233 6149
7234 6150
7235 6151
7236 6152
7237 6153
7238 6154
7239 6155
7240 6156
7241 6157
7242 6158
7243 6159
7244 6160
7245 6161
7246 6162
7247 6163
7248 6164
7249 6165
7250 6165
7251 6165
7252 6166
7253 6167
7254 6168
7255 6169
7256 6170
7257 6171
7258 6172
7259 6173
7260 6174
7261 6175
7262 6176
7263 6177
7264 6178
7265 6179
7266 6180
7267 6181
7268 6181
7269 6182
7270 6183
7271 6184
7272 6185
7273 6186
7274 6187
7275 6188
7276 6189
7277 6190
7278 6191
7279 6192
7280 6193
7281 6194
7282 6195
7283 6195
7284 6196
7285 6197
7286 6198
7287 6199
7288 6199
7289 6200
7290 6200
7291 6200
7292 6201
7293 6201
7294 6201
7295 6201
7296 6202
7297 6202
7298 6203
7299 6204
7300 6205
7301 6206
7302 6206
7303 6206
7304 6207
7305 6208
7306 6209
7307 6210
7308 6211
7309 6212
7310 6212
7311 6213
7312 6214
7313 6214
7314 6215
7315 6216
7316 6216
7317 6217
7318 6217
7319 6218
7320 6219
7321 6220
7322 6221
7323 6222
7324 6222
7325 6222
7326 6222
7327 6223
7328 6224
7329 6224
7330 6225
7331 6226
7332 6227
7333 6228
7334 6229
7335 6229
7336 6230
7337 6231
7338 6232
7339 6233
7340 6233
7341 6234
7342 6234
7343 6235
7344 6235
7345 6236
7346 6237
7347 6238
7348 6239
7349 6240
7350 6241
7351 6242
7352 6243
7353 6243
7354 6244
7355 6245
7356 6246
7357 6247
7358 6247
7359 6248
7360 6249
7361 6250
7362 6251
7363 6252
7364 6253
7365 6254
7366 6255
7367 6256
7368 6257
7369 6258
7370 6258
7371 6259
7372 6260
7373 6260
7374 6261
7375 6261
7376 6262
7377 6262
7378 6262
7379 6263
7380 6264
7381 6265
7382 6265
7383 6266
7384 6267
7385 6268
7386 6269
7387 6269
7388 6269
7389 6270
7390 6271
7391 6272
7392 6272
7393 6272
7394 6272
7395 6273
7396 6273
7397 6274
7398 6275
7399 6275
7400 6275
7401 6276
7402 6277
7403 6278
7404 6279
7405 6280
7406 6281
7407 6282
7408 6283
7409 6284
7410 6284
7411 6285
7412 6286
7413 6287
7414 6288
7415 6288
7416 6288
7417 6289
7418 6290
7419 6291
7420 6291
7421 6291
7422 6291
7423 6291
7424 6291
7425 6292
7426 6293
7427 6294
7428 6294
7429 6294
7430 6295
7431 6296
7432 6297
7433 6298
7434 6299
7435 6300
7436 6301
7437 6302
7438 6303
7439 6304
7440 6305
7441 6305
7442 6306
7443 6307
7444 6308
7445 6309
7446 6309
7447 6310
7448 6310
7449 6311
7450 6311
7451 6311
7452 6311
7453 6312
7454 6313
7455 6314
7456 6315
7457 6315
7458 6315
7459 6316
7460 6316
7461 6316
7462 6316
7463 6316
7464 6317
7465 6318
7466 6319
7467 6320
7468 6321
7469 6322
7470 6323
7471 6324
7472 6325
7473 6326
7474 6326
7475 6327
7476 6328
7477 6329
7478 6330
7479 6331
7480 6332
7481 6333
7482 6334
7483 6335
7484 6336
7485 6336
7486 6337
7487 6337
7488 6337
7489 6338
7490 6339
7491 6340
7492 6341
7493 6341
7494 6341
7495 6341
7496 6342
7497 6343
7498 6344
7499 6345
7500 6345
7501 6346
7502 6346
7503 6347
7504 6348
7505 6349
7506 6350
7507 6351
7508 6352
7509 6352
7510 6353
7511 6354
7512 6355
7513 6356
7514 6357
7515 6358
7516 6359
7517 6360
7518 6361
7519 6362
7520 6362
7521 6362
7522 6363
7523 6364
7524 6365
7525 6366
7526 6367
7527 6368
7528 6369
7529 6369
7530 6370
7531 6371
7532 6372
7533 6373
7534 6373
7535 6374
7536 6375
7537 6376
7538 6377
7539 6378
7540 6379
7541 6380
7542 6381
7543 6382
7544 6383
7545 6384
7546 6385
7547 6386
7548 6387
7549 6388
7550 6389
7551 6390
7552 6391
7553 6391
7554 6391
7555 6392
7556 6392
7557 6393
7558 6393
7559 6394
7560 6395
7561 6396
7562 6397
7563 6398
7564 6399
7565 6400
7566 6401
7567 6402
7568 6402
7569 6402
7570 6403
7571 6403
7572 6403
7573 6404
7574 6405
7575 6405
7576 6406
7577 6407
7578 6408
7579 6409
7580 6410
7581 6411
7582 6412
7583 6413
7584 6414
7585 6414
7586 6414
7587 6414
7588 6414
7589 6414
7590 6415
7591 6416
7592 6417
7593 6418
7594 6418
7595 6419
7596 6420
7597 6421
7598 6422
7599 6423
7600 6424
7601 6425
7602 6426
7603 6427
7604 6428
7605 6428
7606 6429
7607 6429
7608 6430
7609 6431
7610 6431
7611 6431
7612 6432
7613 6432
7614 6433
7615 6434
7616 6434
7617 6435
7618 6436
7619 6437
7620 6438
7621 6439
7622 6439
7623 6440
7624 6441
7625 6441
7626 6442
7627 6442
7628 6443
7629 6444
7630 6445
7631 6445
7632 6446
7633 6447
7634 6448
7635 6449
7636 6450
7637 6450
7638 6450
7639 6451
7640 6452
7641 6452
7642 6453
7643 6454
7644 6455
7645 6456
7646 6456
7647 6457
7648 6458
7649 6459
7650 6459
7651 6459
7652 6460
7653 6460
7654 6460
7655 6460
7656 6461
7657 6462
7658 6463
7659 6463
7660 6464
7661 6465
7662 6465
7663 6466
7664 6467
7665 6468
7666 6468
7667 6469
7668 6470
7669 6471
7670 6472
7671 6473
7672 6474
7673 6475
7674 6476
7675 6477
7676 6478
7677 6479
7678 6479
7679 6479
7680 6479
7681 6480
7682 6480
7683 6480
7684 6481
7685 6482
7686 6483
7687 6484
7688 6485
7689 6486
7690 6487
7691 6488
7692 6488
7693 6489
7694 6490
7695 6491
7696 6492
7697 6492
7698 6493
7699 6494
7700 6495
7701 6496
7702 6497
7703 6498
7704 6498
7705 6499
7706 6500
7707 6500
7708 6501
7709 6502
7710 6502
7711 6502
7712 6503
7713 6504
7714 6505
7715 6506
7716 6507
7717 6508
7718 6509
7719 6510
7720 6511
7721 6512
7722 6513
7723 6514
7724 6515
7725 6516
7726 6517
7727 6518
7728 6518
7729 6518
7730 6519
7731 6520
7732 6521
7733 6522
7734 6523
7735 6524
7736 6525
7737 6526
7738 6526
7739 6527
7740 6527
7741 6528
7742 6528
7743 6529
7744 6530
7745 6531
7746 6532
7747 6533
7748 6534
7749 6535
7750 6536
7751 6537
7752 6538
7753 6539
7754 6540
7755 6541
7756 6542
7757 6543
7758 6543
7759 6544
7760 6544
7761 6545
7762 6546
7763 6547
7764 6548
7765 6548
7766 6548
7767 6549
7768 6550
7769 6550
7770 6551
7771 6552
7772 6553
7773 6554
7774 6555
7775 6556
7776 6556
7777 6557
7778 6558
7779 6559
7780 6559
7781 6560
7782 6561
7783 6561
7784 6562
7785 6562
7786 6563
7787 6563
7788 6564
7789 6564
7790 6565
7791 6566
7792 6567
7793 6568
7794 6569
7795 6570
7796 6571
7797 6572
7798 6572
7799 6573
7800 6574
7801 6575
7802 6576
7803 6576
7804 6577
7805 6578
7806 6578
7807 6579
7808 6580
7809 6580
7810 6581
7811 6582
7812 6582
7813 6582
7814 6583
7815 6584
7816 6584
7817 6585
7818 6586
7819 6587
7820 6587
7821 6587
7822 6588
7823 6589
7824 6590
7825 6591
7826 6592
7827 6593
7828 6594
7829 6595
7830 6596
7831 6597
7832 6598
7833 6599
7834 6599
7835 6600
7836 6600
7837 6601
7838 6602
7839 6602
7840 6603
7841 6604
7842 6604
7843 6604
7844 6605
7845 6606
7846 6607
7847 6607
7848 6607
7849 6608
7850 6609
7851 6610
7852 6611
7853 6612
7854 6612
7855 6613
7856 6614
7857 6615
7858 6615
7859 6616
7860 6616
7861 6617
7862 6618
7863 6619
7864 6620
7865 6620
7866 6621
7867 6621
7868 6621
7869 6621
7870 6622
7871 6622
7872 6622
7873 6623
7874 6624
7875 6625
7876 6625
7877 6626
7878 6627
7879 6628
7880 6629
7881 6630
7882 6631
7883 6632
7884 6633
7885 6633
7886 6634
7887 6634
7888 6635
7889 6635
7890 6636
7891 6637
7892 6638
7893 6639
7894 6640
7895 6641
7896 6642
7897 6643
7898 6644
7899 6645
7900 6645
7901 6646
7902 6647
7903 6647
7904 6648
7905 6649
7906 6649
7907 6650
7908 6651
7909 6652
7910 6653
7911 6654
7912 6654
7913 6655
7914 6656
7915 6657
7916 6657
7917 6658
7918 6659
7919 6659
7920 6659
7921 6660
7922 6661
7923 6662
7924 6662
7925 6663
7926 6664
7927 6664
7928 6665
7929 6665
7930 6666
7931 6667
7932 6668
7933 6669
7934 6669
7935 6670
7936 6671
7937 6672
7938 6673
7939 6674
7940 6675
7941 6676
7942 6677
7943 6678
7944 6679
7945 6680
7946 6681
7947 6682
7948 6683
7949 6684
7950 6685
7951 6685
7952 6685
7953 6686
7954 6687
7955 6688
7956 6689
7957 6690
7958 6691
7959 6692
7960 6693
7961 6694
7962 6695
7963 6696
7964 6697
7965 6698
7966 6698
7967 6698
7968 6699
7969 6700
7970 6701
7971 6702
7972 6703
7973 6703
7974 6704
7975 6705
7976 6706
7977 6707
7978 6707
7979 6708
7980 6709
7981 6710
7982 6710
7983 6710
7984 6710
7985 6711
7986 6711
7987 6712
7988 6713
7989 6714
7990 6715
7991 6716
7992 6717
7993 6717
7994 6718
7995 6719
7996 6720
7997 6720
7998 6721
7999 6721
8000 6722
8001 6723
8002 6723
8003 6724
8004 6725
8005 6725
8006 6726
8007 6727
8008 6727
8009 6728
8010 6729
8011 6730
8012 6731
8013 6732
8014 6733
8015 6733
8016 6734
8017 6734
8018 6735
8019 6736
8020 6737
8021 6738
8022 6738
8023 6738
8024 6739
8025 6740
8026 6740
8027 6741
8028 6742
8029 6743
8030 6744
8031 6745
8032 6746
8033 6747
8034 6747
8035 6748
8036 6749
8037 6750
8038 6750
8039 6750
8040 6751
8041 6752
8042 6753
8043 6754
8044 6755
8045 6756
8046 6757
8047 6758
8048 6759
8049 6759
8050 6760
8051 6761
8052 6762
8053 6762
8054 6763
8055 6764
8056 6765
8057 6765
8058 6766
8059 6766
8060 6767
8061 6768
8062 6769
8063 6770
8064 6771
8065 6771
8066 6772
8067 6772
8068 6772
8069 6773
8070 6773
8071 6774
8072 6775
8073 6776
8074 6777
8075 6777
8076 6777
8077 6777
8078 6777
8079 6778
8080 6779
8081 6780
8082 6781
8083 6781
8084 6782
8085 6782
8086 6783
8087 6783
8088 6783
8089 6784
8090 6785
8091 6786
8092 6786
8093 6786
8094 6786
8095 6787
8096 6788
8097 6789
8098 6790
8099 6791
8100 6792
8101 6793
8102 6794
8103 6795
8104 6796
8105 6797
8106 6798
8107 6798
8108 6799
8109 6800
8110 6801
8111 6801
8112 6802
8113 6803
8114 6803
8115 6804
8116 6805
8117 6806
8118 6807
8119 6807
8120 6808
8121 6809
8122 6810
8123 6811
8124 6812
8125 6813
8126 6813
8127 6814
8128 6814
8129 6815
8130 6816
8131 6816
8132 6816
8133 6817
8134 6818
8135 6818
8136 6819
8137 6820
8138 6821
8139 6821
8140 6821
8141 6822
8142 6822
8143 6823
8144 6823
8145 6823
8146 6823
8147 6824
8148 6825
8149 6826
8150 6827
8151 6828
8152 6828
8153 6828
8154 6829
8155 6830
8156 6831
8157 6831
8158 6831
8159 6832
8160 6833
8161 6834
8162 6835
8163 6836
8164 6837
8165 6838
8166 6838
8167 6839
8168 6839
8169 6839
8170 6840
8171 6841
8172 6842
8173 6843
8174 6844
8175 6844
8176 6844
8177 6845
8178 6846
8179 6847
8180 6848
8181 6849
8182 6849
8183 6850
8184 6851
8185 6852
8186 6853
8187 6853
8188 6854
8189 6855
8190 6856
8191 6857
8192 6858
8193 6858
8194 6859
8195 6860
8196 6861
8197 6862
8198 6862
8199 6862
8200 6863
8201 6863
8202 6864
8203 6864
8204 6865
8205 6866
8206 6867
8207 6868
8208 6869
8209 6869
8210 6869
8211 6870
8212 6870
8213 6871
8214 6872
8215 6872
8216 6872
8217 6873
8218 6874
8219 6875
8220 6876
8221 6877
8222 6878
8223 6878
8224 6879
8225 6879
8226 6880
8227 6881
8228 6882
8229 6882
8230 6883
8231 6883
8232 6884
8233 6884
8234 6885
8235 6886
8236 6887
8237 6887
8238 6888
8239 6889
8240 6890
8241 6891
8242 6892
8243 6893
8244 6894
8245 6895
8246 6895
8247 6895
8248 6896
8249 6897
8250 6898
8251 6898
8252 6899
8253 6899
8254 6899
8255 6900
8256 6901
8257 6902
8258 6903
8259 6904
8260 6905
8261 6905
8262 6906
8263 6907
8264 6907
8265 6908
8266 6909
8267 6909
8268 6909
8269 6909
8270 6910
8271 6911
8272 6912
8273 6913
8274 6914
8275 6914
8276 6914
8277 6915
8278 6916
8279 6917
8280 6917
8281 6918
8282 6918
8283 6918
8284 6919
8285 6919
8286 6920
8287 6921
8288 6922
8289 6922
8290 6922
8291 6923
8292 6923
8293 6924
8294 6925
8295 6926
8296 6927
8297 6928
8298 6928
8299 6929
8300 6929
8301 6930
8302 6931
8303 6932
8304 6933
8305 6934
8306 6935
8307 6936
8308 6937
8309 6938
8310 6938
8311 6939
8312 6939
8313 6940
8314 6941
8315 6942
8316 6943
8317 6944
8318 6945
8319 6946
8320 6947
8321 6948
8322 6948
8323 6948
8324 6949
8325 6950
8326 6951
8327 6952
8328 6953
8329 6954
8330 6954
8331 6955
8332 6956
8333 6956
8334 6956
8335 6957
8336 6958
8337 6958
8338 6959
8339 6960
8340 6960
8341 6961
8342 6962
8343 6963
8344 6964
8345 6965
8346 6966
8347 6967
8348 6967
8349 6968
8350 6968
8351 6969
8352 6970
8353 6971
8354 6972
8355 6972
8356 6972
8357 6973
8358 6974
8359 6975
8360 6975
8361 6976
8362 6977
8363 6978
8364 6978
8365 6978
8366 6979
8367 6980
8368 6980
8369 6980
8370 6981
8371 6981
8372 6981
8373 6981
8374 6981
8375 6981
8376 6982
8377 6983
8378 6984
8379 6985
8380 6986
8381 6987
8382 6988
8383 6989
8384 6990
8385 6991
8386 6991
8387 6991
8388 6991
8389 6992
8390 6992
8391 6993
8392 6994
8393 6995
8394 6996
8395 6996
8396 6996
8397 6996
8398 6997
8399 6998
8400 6999
8401 7000
8402 7001
8403 7001
8404 7002
8405 7003
8406 7004
8407 7005
8408 7005
8409 7006
8410 7007
8411 7007
8412 7007
8413 7008
8414 7009
8415 7009
8416 7010
8417 7011
8418 7012
8419 7012
8420 7013
8421 7013
8422 7013
8423 7014
8424 7014
8425 7015
8426 7016
8427 7017
8428 7018
8429 7019
8430 7019
8431 7019
8432 7020
8433 7020
8434 7021
8435 7022
8436 7023
8437 7023
8438 7023
8439 7024
8440 7025
8441 7026
8442 7027
8443 7028
8444 7028
8445 7029
8446 7030
8447 7031
8448 7031
8449 7032
8450 7033
8451 7034
8452 7034
8453 7035
8454 7036
8455 7037
8456 7037
8457 7038
8458 7038
8459 7039
8460 7039
8461 7040
8462 7041
8463 7042
8464 7042
8465 7043
8466 7044
8467 7045
8468 7046
8469 7046
8470 7047
8471 7048
8472 7049
8473 7050
8474 7051
8475 7052
8476 7052
8477 7053
8478 7053
8479 7054
8480 7054
8481 7055
8482 7056
8483 7057
8484 7058
8485 7059
8486 7060
8487 7061
8488 7061
8489 7062
8490 7062
8491 7063
8492 7064
8493 7065
8494 7066
8495 7066
8496 7067
8497 7068
8498 7068
8499 7068
8500 7069
8501 7069
8502 7070
8503 7071
8504 7071
8505 7071
8506 7071
8507 7072
8508 7073
8509 7074
8510 7074
8511 7075
8512 7076
8513 7077
8514 7078
8515 7078
8516 7078
8517 7079
8518 7080
8519 7081
8520 7082
8521 7083
8522 7084
8523 7085
8524 7086
8525 7086
8526 7086
8527 7087
8528 7088
8529 7089
8530 7090
8531 7090
8532 7090
8533 7091
8534 7092
8535 7093
8536 7094
8537 7095
8538 7096
8539 7097
8540 7097
8541 7097
8542 7098
8543 7098
8544 7099
8545 7100
8546 7101
8547 7102
8548 7103
8549 7104
8550 7105
8551 7105
8552 7106
8553 7107
8554 7108
8555 7109
8556 7109
8557 7110
8558 7110
8559 7111
8560 7112
8561 7113
8562 7113
8563 7113
8564 7113
8565 7113
8566 7113
8567 7114
8568 7115
8569 7116
8570 7117
8571 7117
8572 7118
8573 7118
8574 7119
8575 7120
8576 7120
8577 7121
8578 7122
8579 7123
8580 7124
8581 7125
8582 7126
8583 7126
8584 7127
8585 7127
8586 7128
8587 7128
8588 7129
8589 7129
8590 7130
8591 7131
8592 7131
8593 7131
8594 7132
8595 7133
8596 7134
8597 7134
8598 7134
8599 7135
8600 7135
8601 7136
8602 7136
8603 7136
8604 7136
8605 7137
8606 7138
8607 7139
8608 7140
8609 7141
8610 7141
8611 7142
8612 7143
8613 7144
8614 7145
8615 7146
8616 7147
8617 7148
8618 7148
8619 7149
8620 7149
8621 7149
8622 7149
8623 7149
8624 7150
8625 7151
8626 7151
8627 7152
8628 7152
8629 7153
8630 7153
8631 7154
8632 7154
8633 7154
8634 7155
8635 7156
8636 7157
8637 7157
8638 7158
8639 7158
8640 7159
8641 7160
8642 7160
8643 7160
8644 7161
8645 7162
8646 7162
8647 7163
8648 7163
8649 7164
8650 7164
8651 7165
8652 7165
8653 7165
8654 7166
8655 7166
8656 7167
8657 7168
8658 7169
8659 7170
8660 7171
8661 7172
8662 7173
8663 7174
8664 7174
8665 7175
8666 7175
8667 7176
8668 7176
8669 7177
8670 7178
8671 7179
8672 7179
8673 7180
8674 7180
8675 7180
8676 7181
8677 7182
8678 7183
8679 7183
8680 7184
8681 7185
8682 7185
8683 7186
8684 7187
8685 7187
8686 7188
8687 7189
8688 7190
8689 7190
8690 7190
8691 7190
8692 7191
8693 7191
8694 7192
8695 7193
8696 7193
8697 7193
8698 7194
8699 7195
8700 7196
8701 7196
8702 7197
8703 7198
8704 7199
8705 7200
8706 7200
8707 7201
8708 7202
8709 7203
8710 7203
8711 7204
8712 7204
8713 7204
8714 7204
8715 7205
8716 7206
8717 7206
8718 7206
8719 7207
8720 7208
8721 7209
8722 7210
8723 7211
8724 7212
8725 7213
8726 7214
8727 7215
8728 7216
8729 7217
8730 7217
8731 7218
8732 7219
8733 7219
8734 7220
8735 7221
8736 7221
8737 7222
8738 7223
8739 7224
8740 7224
8741 7225
8742 7225
8743 7225
8744 7225
8745 7226
8746 7226
8747 7227
8748 7227
8749 7227
8750 7228
8751 7229
8752 7230
8753 7231
8754 7231
8755 7231
8756 7232
8757 7233
8758 7233
8759 7233
8760 7233
8761 7234
8762 7235
8763 7236
8764 7237
8765 7238
8766 7238
8767 7239
8768 7240
8769 7241
8770 7242
8771 7242
8772 7242
8773 7243
8774 7244
8775 7245
8776 7246
8777 7246
8778 7247
8779 7248
8780 7249
8781 7250
8782 7251
8783 7251
8784 7252
8785 7253
8786 7254
8787 7254
8788 7254
8789 7254
8790 7255
8791 7255
8792 7255
8793 7255
8794 7255
8795 7256
8796 7257
8797 7258
8798 7259
8799 7260
8800 7261
8801 7262
8802 7263
8803 7264
8804 7265
8805 7265
8806 7266
8807 7267
8808 7268
8809 7268
8810 7269
8811 7270
8812 7271
8813 7272
8814 7273
8815 7274
8816 7275
8817 7276
8818 7276
8819 7277
8820 7278
8821 7279
8822 7280
8823 7281
8824 7281
8825 7282
8826 7283
8827 7284
8828 7285
8829 7286
8830 7286
8831 7287
8832 7288
8833 7289
8834 7290
8835 7290
8836 7290
8837 7291
8838 7292
8839 7292
8840 7293
8841 7293
8842 7294
8843 7295
8844 7295
8845 7296
8846 7297
8847 7298
8848 7299
8849 7299
8850 7300
8851 7301
8852 7302
8853 7303
8854 7304
8855 7304
8856 7305
8857 7306
8858 7306
8859 7307
8860 7308
8861 7308
8862 7309
8863 7309
8864 7309
8865 7310
8866 7310
8867 7311
8868 7311
8869 7311
8870 7311
8871 7311
8872 7312
8873 7313
8874 7314
8875 7315
8876 7316
8877 7317
8878 7318
8879 7319
8880 7320
8881 7321
8882 7322
8883 7323
8884 7324
8885 7324
8886 7325
8887 7326
8888 7327
8889 7328
8890 7328
8891 7329
8892 7330
8893 7331
8894 7331
8895 7332
8896 7333
8897 7334
8898 7335
8899 7336
8900 7336
8901 7337
8902 7338
8903 7339
8904 7340
8905 7340
8906 7340
8907 7341
8908 7341
8909 7341
8910 7341
8911 7342
8912 7342
8913 7343
8914 7344
8915 7344
8916 7345
8917 7346
8918 7347
8919 7348
8920 7348
8921 7349
8922 7349
8923 7349
8924 7350
8925 7351
8926 7352
8927 7353
8928 7354
8929 7355
8930 7355
8931 7355
8932 7355
8933 7356
8934 7357
8935 7358
8936 7359
8937 7360
8938 7360
8939 7361
8940 7362
8941 7363
8942 7364
8943 7365
8944 7366
8945 7367
8946 7368
8947 7368
8948 7369
8949 7370
8950 7371
8951 7371
8952 7372
8953 7372
8954 7372
8955 7373
8956 7374
8957 7375
8958 7376
8959 7376
8960 7376
8961 7377
8962 7377
8963 7378
8964 7379
8965 7380
8966 7381
8967 7381
8968 7382
8969 7382
8970 7383
8971 7384
8972 7385
8973 7386
8974 7387
8975 7388
8976 7388
8977 7389
8978 7389
8979 7389
8980 7390
8981 7390
8982 7391
8983 7392
8984 7393
8985 7394
8986 7395
8987 7396
8988 7397
8989 7398
8990 7399
8991 7399
8992 7400
8993 7401
8994 7401
8995 7402
8996 7402
8997 7403
8998 7403
8999 7403
9000 7404
9001 7405
9002 7405
9003 7405
9004 7406
9005 7407
9006 7408
9007 7409
9008 7410
9009 7411
9010 7412
9011 7413
9012 7414
9013 7414
9014 7415
9015 7416
9016 7417
9017 7417
9018 7418
9019 7419
9020 7420
9021 7421
9022 7421
9023 7422
9024 7423
9025 7424
9026 7425
9027 7426
9028 7427
9029 7428
9030 7429
9031 7430
9032 7431
9033 7431
9034 7432
9035 7433
9036 7434
9037 7434
9038 7435
9039 7436
9040 7437
9041 7438
9042 7439
9043 7439
9044 7439
9045 7440
9046 7441
9047 7442
9048 7443
9049 7444
9050 7445
9051 7446
9052 7447
9053 7448
9054 7449
9055 7450
9056 7451
9057 7452
9058 7452
9059 7453
9060 7454
9061 7455
9062 7455
9063 7456
9064 7457
9065 7457
9066 7457
9067 7458
9068 7459
9069 7460
9070 7461
9071 7461
9072 7462
9073 7463
9074 7463
9075 7463
9076 7464
9077 7465
9078 7466
9079 7466
9080 7466
9081 7467
9082 7468
9083 7469
9084 7470
9085 7471
9086 7471
9087 7472
9088 7473
9089 7474
9090 7475
9091 7475
9092 7475
9093 7476
9094 7476
9095 7477
9096 7478
9097 7478
9098 7479
9099 7480
9100 7481
9101 7482
9102 7483
9103 7483
9104 7484
9105 7484
9106 7484
9107 7485
9108 7486
9109 7487
9110 7487
9111 7488
9112 7489
9113 7489
9114 7490
9115 7491
9116 7492
9117 7493
9118 7494
9119 7495
9120 7496
9121 7497
9122 7497
9123 7497
9124 7498
9125 7499
9126 7500
9127 7500
9128 7500
9129 7501
9130 7502
9131 7503
9132 7504
9133 7504
9134 7505
9135 7506
9136 7507
9137 7508
9138 7508
9139 7508
9140 7509
9141 7510
9142 7511
9143 7511
9144 7512
9145 7513
9146 7514
9147 7514
9148 7514
9149 7515
9150 7516
9151 7517
9152 7517
9153 7518
9154 7519
9155 7520
9156 7520
9157 7521
9158 7522
9159 7523
9160 7524
9161 7525
9162 7525
9163 7525
9164 7526
9165 7527
9166 7528
9167 7529
9168 7530
9169 7531
9170 7532
9171 7532
9172 7533
9173 7534
9174 7535
9175 7536
9176 7537
9177 7538
9178 7539
9179 7539
9180 7539
9181 7539
9182 7540
9183 7541
9184 7541
9185 7542
9186 7542
9187 7542
9188 7543
9189 7544
9190 7544
9191 7544
9192 7544
9193 7545
9194 7545
9195 7545
9196 7546
9197 7546
9198 7547
9199 7548
9200 7549
9201 7550
9202 7550
9203 7551
9204 7552
9205 7552
9206 7553
9207 7554
9208 7554
9209 7555
9210 7556
9211 7556
9212 7557
9213 7558
9214 7559
9215 7560
9216 7561
9217 7562
9218 7562
9219 7563
9220 7563
9221 7564
9222 7564
9223 7564
9224 7564
9225 7564
9226 7564
9227 7565
9228 7566
9229 7566
9230 7567
9231 7568
9232 7568
9233 7569
9234 7569
9235 7570
9236 7571
9237 7572
9238 7572
9239 7572
9240 7572
9241 7573
9242 7573
9243 7573
9244 7574
9245 7575
9246 7575
9247 7576
9248 7577
9249 7577
9250 7578
9251 7578
9252 7579
9253 7580
9254 7580
9255 7581
9256 7582
9257 7582
9258 7583
9259 7583
9260 7584
9261 7584
9262 7585
9263 7586
9264 7586
9265 7587
9266 7588
9267 7589
9268 7590
9269 7591
9270 7592
9271 7593
9272 7594
9273 7595
9274 7596
9275 7597
9276 7597
9277 7598
9278 7599
9279 7599
9280 7600
9281 7601
9282 7602
9283 7602
9284 7602
9285 7602
9286 7603
9287 7604
9288 7605
9289 7605
9290 7606
9291 7606
9292 7606
9293 7606
9294 7607
9295 7607
9296 7608
9297 7609
9298 7610
9299 7611
9300 7611
9301 7611
9302 7612
9303 7613
9304 7614
9305 7615
9306 7616
9307 7617
9308 7618
9309 7619
9310 7620
9311 7621
9312 7622
9313 7623
9314 7624
9315 7625
9316 7625
9317 7625
9318 7625
9319 7626
9320 7627
9321 7628
9322 7629
9323 7630
9324 7631
9325 7631
9326 7631
9327 7632
9328 7632
9329 7633
9330 7634
9331 7635
9332 7636
9333 7637
9334 7637
9335 7637
9336 7638
9337 7639
9338 7640
9339 7641
9340 7642
9341 7643
9342 7644
9343 7644
9344 7644
9345 7645
9346 7646
9347 7647
9348 7647
9349 7648
9350 7649
9351 7649
9352 7650
9353 7651
9354 7651
9355 7652
9356 7653
9357 7654
9358 7654
9359 7655
9360 7655
9361 7656
9362 7656
9363 7657
9364 7658
9365 7659
9366 7660
9367 7660
9368 7660
9369 7661
9370 7661
9371 7661
9372 7662
9373 7663
9374 7664
9375 7665
9376 7665
9377 7666
9378 7667
9379 7668
9380 7669
9381 7669
9382 7670
9383 7670
9384 7671
9385 7672
9386 7673
9387 7673
9388 7673
9389 7673
9390 7674
9391 7675
9392 7675
9393 7676
9394 7677
9395 7678
9396 7679
9397 7679
9398 7679
9399 7680
9400 7681
9401 7682
9402 7683
9403 7684
9404 7685
9405 7686
9406 7687
9407 7688
9408 7688
9409 7689
9410 7689
9411 7690
9412 7690
9413 7690
9414 7691
9415 7692
9416 7692
9417 7693
9418 7694
9419 7695
9420 7696
9421 7697
9422 7698
9423 7699
9424 7699
9425 7699
9426 7699
9427 7700
9428 7701
9429 7702
9430 7703
9431 7704
9432 7704
9433 7704
9434 7705
9435 7705
9436 7706
9437 7706
9438 7706
9439 7707
9440 7708
9441 7709
9442 7710
9443 7711
9444 7712
9445 7713
9446 7713
9447 7714
9448 7714
9449 7714
9450 7715
9451 7715
9452 7716
9453 7717
9454 7718
9455 7718
9456 7718
9457 7719
9458 7720
9459 7721
9460 7722
9461 7722
9462 7723
9463 7723
9464 7724
9465 7724
9466 7725
9467 7726
9468 7727
9469 7727
9470 7728
9471 7729
9472 7729
9473 7729
9474 7729
9475 7730
9476 7731
9477 7731
9478 7732
9479 7733
9480 7734
9481 7734
9482 7735
9483 7735
9484 7736
9485 7736
9486 7737
9487 7737
9488 7738
9489 7738
9490 7739
9491 7740
9492 7740
9493 7740
9494 7741
9495 7742
9496 7742
9497 7742
9498 7743
9499 7744
9500 7744
9501 7745
9502 7746
9503 7747
9504 7747
9505 7748
9506 7748
9507 7748
9508 7748
9509 7749
9510 7750
9511 7751
9512 7752
9513 7753
9514 7753
9515 7754
9516 7754
9517 7755
9518 7756
9519 7756
9520 7757
9521 7757
9522 7758
9523 7759
9524 7759
9525 7760
9526 7760
9527 7761
9528 7762
9529 7763
9530 7764
9531 7764
9532 7765
9533 7765
9534 7766
9535 7767
9536 7768
9537 7769
9538 7769
9539 7769
9540 7770
9541 7771
9542 7772
9543 7772
9544 7773
9545 7774
9546 7775
9547 7775
9548 7776
9549 7776
9550 7777
9551 7778
9552 7778
9553 7779
9554 7779
9555 7779
9556 7780
9557 7781
9558 7781
9559 7781
9560 7782
9561 7782
9562 7783
9563 7784
9564 7785
9565 7785
9566 7786
9567 7786
9568 7787
9569 7787
9570 7788
9571 7789
9572 7790
9573 7791
9574 7792
9575 7793
9576 7794
9577 7795
9578 7795
9579 7796
9580 7797
9581 7797
9582 7797
9583 7798
9584 7799
9585 7799
9586 7800
9587 7800
9588 7801
9589 7802
9590 7802
9591 7803
9592 7803
9593 7803
9594 7803
9595 7804
9596 7804
9597 7805
9598 7806
9599 7806
9600 7806
9601 7807
9602 7808
9603 7809
9604 7809
9605 7810
9606 7810
9607 7811
9608 7812
9609 7813
9610 7814
9611 7815
9612 7815
9613 7816
9614 7816
9615 7816
9616 7816
9617 7817
9618 7817
9619 7817
9620 7818
9621 7819
9622 7819
9623 7819
9624 7820
9625 7821
9626 7822
9627 7823
9628 7823
9629 7824
9630 7824
9631 7824
9632 7825
9633 7826
9634 7827
9635 7827
9636 7827
9637 7827
9638 7828
9639 7828
9640 7828
9641 7829
9642 7829
9643 7830
9644 7831
9645 7831
9646 7832
9647 7833
9648 7833
9649 7834
9650 7834
9651 7835
9652 7836
9653 7837
9654 7837
9655 7837
9656 7838
9657 7839
9658 7840
9659 7840
9660 7841
9661 7842
9662 7842
9663 7843
9664 7843
9665 7844
9666 7845
9667 7846
9668 7846
9669 7847
9670 7848
9671 7849
9672 7850
9673 7851
9674 7852
9675 7853
9676 7853
9677 7854
9678 7855
9679 7855
9680 7856
9681 7857
9682 7857
9683 7858
9684 7859
9685 7860
9686 7861
9687 7862
9688 7863
9689 7864
9690 7865
9691 7866
9692 7866
9693 7866
9694 7866
9695 7867
9696 7868
9697 7869
9698 7870
9699 7871
9700 7871
9701 7871
9702 7872
9703 7873
9704 7873
9705 7874
9706 7875
9707 7876
9708 7877
9709 7878
9710 7879
9711 7880
9712 7881
9713 7881
9714 7881
9715 7882
9716 7882
9717 7882
9718 7882
9719 7883
9720 7883
9721 7884
9722 7884
9723 7885
9724 7885
9725 7886
9726 7887
9727 7888
9728 7889
9729 7890
9730 7890
9731 7891
9732 7892
9733 7893
9734 7894
9735 7895
9736 7896
9737 7896
9738 7896
9739 7897
9740 7898
9741 7899
9742 7899
9743 7900
9744 7901
9745 7902
9746 7902
9747 7903
9748 7904
9749 7905
9750 7906
9751 7906
9752 7907
9753 7908
9754 7908
9755 7909
9756 7909
9757 7910
9758 7910
9759 7911
9760 7912
9761 7913
9762 7913
9763 7914
9764 7915
9765 7915
9766 7915
9767 7916
9768 7917
9769 7918
9770 7918
9771 7919
9772 7920
9773 7921
9774 7921
9775 7922
9776 7923
9777 7923
9778 7924
9779 7925
9780 7926
9781 7926
9782 7927
9783 7928
9784 7929
9785 7930
9786 7931
9787 7931
9788 7931
9789 7932
9790 7933
9791 7934
9792 7934
9793 7935
9794 7936
9795 7937
9796 7938
9797 7939
9798 7939
9799 7940
9800 7940
9801 7941
9802 7942
9803 7943
9804 7943
9805 7943
9806 7944
9807 7945
9808 7946
9809 7947
9810 7948
9811 7949
9812 7950
9813 7950
9814 7951
9815 7952
9816 7953
9817 7953
9818 7954
9819 7955
9820 7956
9821 7957
9822 7957
9823 7958
9824 7959
9825 7960
9826 7961
9827 7962
9828 7963
9829 7963
9830 7964
9831 7965
9832 7965
9833 7966
9834 7966
9835 7966
9836 7967
9837 7967
9838 7968
9839 7969
9840 7970
9841 7971
9842 7972
9843 7973
9844 7974
9845 7975
9846 7976
9847 7976
9848 7977
9849 7978
9850 7979
9851 7979
9852 7980
9853 7980
9854 7981
9855 7982
9856 7983
9857 7984
9858 7984
9859 7984
9860 7985
9861 7985
9862 7986
9863 7986
9864 7987
9865 7988
9866 7988
9867 7989
9868 7989
9869 7990
9870 7991
9871 7991
9872 7991
9873 7991
9874 7992
9875 7992
9876 7993
9877 7994
9878 7995
9879 7996
9880 7997
9881 7998
9882 7999
9883 8000
9884 8000
9885 8001
9886 8002
9887 8002
9888 8003
9889 8004
9890 8005
9891 8006
9892 8007
9893 8008
9894 8009
9895 8009
9896 8010
9897 8010
9898 8010
9899 8011
9900 8012
9901 8013
9902 8014
9903 8015
9904 8016
9905 8017
9906 8017
9907 8017
9908 8018
9909 8018
9910 8018
9911 8019
9912 8020
9913 8020
9914 8020
9915 8021
9916 8021
9917 8022
9918 8023
9919 8024
9920 8024
9921 8025
9922 8026
9923 8027
9924 8028
9925 8028
9926 8029
9927 8030
9928 8031
9929 8032
9930 8033
9931 8034
9932 8035
9933 8036
9934 8037
9935 8038
9936 8039
9937 8039
9938 8039
9939 8039
9940 8040
9941 8040
9942 8041
9943 8042
9944 8043
9945 8043
9946 8043
9947 8043
9948 8044
9949 8045
9950 8046
9951 8046
9952 8046
9953 8047
9954 8048
9955 8048
9956 8049
9957 8050
9958 8051
9959 8051
9960 8051
9961 8052
9962 8053
9963 8054
9964 8055
9965 8056
9966 8057
9967 8058
9968 8059
9969 8060
9970 8061
9971 8062
9972 8063
9973 8064
9974 8065
9975 8066
9976 8067
9977 8068
9978 8069
9979 8070
9980 8071
9981 8072
9982 8073
9983 8074
9984 8075
9985 8076
9986 8077
9987 8078
9988 8079
9989 8079
9990 8080
9991 8080
9992 8081
9993 8082
9994 8083
9995 8084
9996 8085
9997 8086
9998 8087
9999 8088
